  1.0000000e+001  2.4817674e-022
  1.0023060e+001  2.4616479e-022
  1.0046173e+001  2.4417382e-022
  1.0069340e+001  2.4220358e-022
  1.0092560e+001  2.4025379e-022
  1.0115833e+001  2.3832416e-022
  1.0139161e+001  2.3641444e-022
  1.0162542e+001  2.3452436e-022
  1.0185976e+001  2.3265366e-022
  1.0209465e+001  2.3080210e-022
  1.0233008e+001  2.2896943e-022
  1.0256606e+001  2.2715541e-022
  1.0280258e+001  2.2535979e-022
  1.0303964e+001  2.2358233e-022
  1.0327725e+001  2.2182281e-022
  1.0351541e+001  2.2008100e-022
  1.0375412e+001  2.1835667e-022
  1.0399337e+001  2.1664961e-022
  1.0423318e+001  2.1495959e-022
  1.0447355e+001  2.1328640e-022
  1.0471446e+001  2.1162984e-022
  1.0495594e+001  2.0998970e-022
  1.0519796e+001  2.0836576e-022
  1.0544055e+001  2.0675784e-022
  1.0568370e+001  2.0516574e-022
  1.0592741e+001  2.0358926e-022
  1.0617168e+001  2.0202820e-022
  1.0641651e+001  2.0048240e-022
  1.0666191e+001  1.9895165e-022
  1.0690787e+001  1.9743577e-022
  1.0715440e+001  1.9593459e-022
  1.0740150e+001  1.9444793e-022
  1.0764917e+001  1.9297561e-022
  1.0789741e+001  1.9151746e-022
  1.0814622e+001  1.9007332e-022
  1.0839560e+001  1.8864302e-022
  1.0864557e+001  1.8722638e-022
  1.0889610e+001  1.8582326e-022
  1.0914722e+001  1.8443349e-022
  1.0939891e+001  1.8305692e-022
  1.0965119e+001  1.8169338e-022
  1.0990404e+001  1.8034274e-022
  1.1015748e+001  1.7900482e-022
  1.1041151e+001  1.7767950e-022
  1.1066612e+001  1.7636662e-022
  1.1092131e+001  1.7506604e-022
  1.1117710e+001  1.7377761e-022
  1.1143347e+001  1.7250120e-022
  1.1169044e+001  1.7123667e-022
  1.1194800e+001  1.6998387e-022
  1.1220615e+001  1.6874269e-022
  1.1246490e+001  1.6751298e-022
  1.1272425e+001  1.6629461e-022
  1.1298419e+001  1.6508746e-022
  1.1324473e+001  1.6389140e-022
  1.1350587e+001  1.6270630e-022
  1.1376762e+001  1.6153205e-022
  1.1402997e+001  1.6036850e-022
  1.1429292e+001  1.5921556e-022
  1.1455648e+001  1.5807309e-022
  1.1482065e+001  1.5694099e-022
  1.1508543e+001  1.5581913e-022
  1.1535082e+001  1.5470741e-022
  1.1561682e+001  1.5360570e-022
  1.1588343e+001  1.5251390e-022
  1.1615066e+001  1.5143190e-022
  1.1641850e+001  1.5035960e-022
  1.1668696e+001  1.4929687e-022
  1.1695605e+001  1.4824363e-022
  1.1722575e+001  1.4719976e-022
  1.1749607e+001  1.4616517e-022
  1.1776702e+001  1.4513975e-022
  1.1803859e+001  1.4412340e-022
  1.1831079e+001  1.4311602e-022
  1.1858361e+001  1.4211752e-022
  1.1885707e+001  1.4112780e-022
  1.1913115e+001  1.4014677e-022
  1.1940587e+001  1.3917433e-022
  1.1968122e+001  1.3821039e-022
  1.1995721e+001  1.3725485e-022
  1.2023383e+001  1.3630764e-022
  1.2051109e+001  1.3536865e-022
  1.2078899e+001  1.3443781e-022
  1.2106753e+001  1.3351502e-022
  1.2134671e+001  1.3260021e-022
  1.2162654e+001  1.3169327e-022
  1.2190701e+001  1.3079414e-022
  1.2218813e+001  1.2990273e-022
  1.2246989e+001  1.2901896e-022
  1.2275231e+001  1.2814274e-022
  1.2303538e+001  1.2727401e-022
  1.2331910e+001  1.2641267e-022
  1.2360347e+001  1.2555866e-022
  1.2388850e+001  1.2471189e-022
  1.2417419e+001  1.2387230e-022
  1.2446054e+001  1.2303980e-022
  1.2474755e+001  1.2221432e-022
  1.2503521e+001  1.2139580e-022
  1.2532355e+001  1.2058415e-022
  1.2561254e+001  1.1977931e-022
  1.2590221e+001  1.1898120e-022
  1.2619254e+001  1.1818977e-022
  1.2648354e+001  1.1740493e-022
  1.2677521e+001  1.1662662e-022
  1.2706756e+001  1.1585478e-022
  1.2736058e+001  1.1508934e-022
  1.2765427e+001  1.1433024e-022
  1.2794864e+001  1.1357740e-022
  1.2824369e+001  1.1283077e-022
  1.2853942e+001  1.1209028e-022
  1.2883584e+001  1.1135587e-022
  1.2913293e+001  1.1062748e-022
  1.2943071e+001  1.0990505e-022
  1.2972918e+001  1.0918852e-022
  1.3002834e+001  1.0847783e-022
  1.3032818e+001  1.0777291e-022
  1.3062872e+001  1.0707373e-022
  1.3092995e+001  1.0638020e-022
  1.3123188e+001  1.0569229e-022
  1.3153450e+001  1.0500993e-022
  1.3183782e+001  1.0433307e-022
  1.3214184e+001  1.0366165e-022
  1.3244656e+001  1.0299562e-022
  1.3275198e+001  1.0233493e-022
  1.3305811e+001  1.0167952e-022
  1.3336494e+001  1.0102935e-022
  1.3367248e+001  1.0038435e-022
  1.3398073e+001  9.9744483e-023
  1.3428969e+001  9.9109695e-023
  1.3459937e+001  9.8479936e-023
  1.3490975e+001  9.7855158e-023
  1.3522086e+001  9.7235311e-023
  1.3553268e+001  9.6620347e-023
  1.3584522e+001  9.6010220e-023
  1.3615848e+001  9.5404881e-023
  1.3647246e+001  9.4804285e-023
  1.3678716e+001  9.4208386e-023
  1.3710260e+001  9.3617138e-023
  1.3741876e+001  9.3030497e-023
  1.3773565e+001  9.2448418e-023
  1.3805326e+001  9.1870857e-023
  1.3837162e+001  9.1297771e-023
  1.3869070e+001  9.0729116e-023
  1.3901052e+001  9.0164852e-023
  1.3933108e+001  8.9604935e-023
  1.3965238e+001  8.9049324e-023
  1.3997442e+001  8.8497979e-023
  1.4029720e+001  8.7950858e-023
  1.4062073e+001  8.7407921e-023
  1.4094500e+001  8.6869130e-023
  1.4127002e+001  8.6334444e-023
  1.4159579e+001  8.5803826e-023
  1.4192231e+001  8.5277236e-023
  1.4224959e+001  8.4754636e-023
  1.4257762e+001  8.4235990e-023
  1.4290640e+001  8.3721260e-023
  1.4323594e+001  8.3210409e-023
  1.4356625e+001  8.2703401e-023
  1.4389731e+001  8.2200200e-023
  1.4422914e+001  8.1700772e-023
  1.4456173e+001  8.1205079e-023
  1.4489510e+001  8.0713089e-023
  1.4522922e+001  8.0224766e-023
  1.4556412e+001  7.9740077e-023
  1.4589980e+001  7.9258987e-023
  1.4623624e+001  7.8781465e-023
  1.4657346e+001  7.8307476e-023
  1.4691146e+001  7.7836988e-023
  1.4725024e+001  7.7369970e-023
  1.4758980e+001  7.6906388e-023
  1.4793015e+001  7.6446213e-023
  1.4827127e+001  7.5989412e-023
  1.4861319e+001  7.5535955e-023
  1.4895589e+001  7.5085812e-023
  1.4929939e+001  7.4638951e-023
  1.4964367e+001  7.4195344e-023
  1.4998875e+001  7.3754961e-023
  1.5033463e+001  7.3317772e-023
  1.5068130e+001  7.2883749e-023
  1.5102877e+001  7.2452864e-023
  1.5137704e+001  7.2025087e-023
  1.5172612e+001  7.1600391e-023
  1.5207600e+001  7.1178748e-023
  1.5242669e+001  7.0760131e-023
  1.5277819e+001  7.0344513e-023
  1.5313050e+001  6.9931867e-023
  1.5348362e+001  6.9522166e-023
  1.5383755e+001  6.9115384e-023
  1.5419230e+001  6.8711495e-023
  1.5454787e+001  6.8310474e-023
  1.5490426e+001  6.7912295e-023
  1.5526147e+001  6.7516933e-023
  1.5561950e+001  6.7124362e-023
  1.5597836e+001  6.6734559e-023
  1.5633805e+001  6.6347499e-023
  1.5669857e+001  6.5963158e-023
  1.5705991e+001  6.5581512e-023
  1.5742210e+001  6.5202537e-023
  1.5778511e+001  6.4826210e-023
  1.5814897e+001  6.4452507e-023
  1.5851366e+001  6.4081407e-023
  1.5887919e+001  6.3712886e-023
  1.5924557e+001  6.3346921e-023
  1.5961279e+001  6.2983491e-023
  1.5998086e+001  6.2622574e-023
  1.6034978e+001  6.2264148e-023
  1.6071954e+001  6.1908191e-023
  1.6109016e+001  6.1554683e-023
  1.6146164e+001  6.1203601e-023
  1.6183397e+001  6.0854925e-023
  1.6220716e+001  6.0508635e-023
  1.6258121e+001  6.0164710e-023
  1.6295613e+001  5.9823131e-023
  1.6333190e+001  5.9483875e-023
  1.6370855e+001  5.9146925e-023
  1.6408606e+001  5.8812261e-023
  1.6446445e+001  5.8479863e-023
  1.6484370e+001  5.8149711e-023
  1.6522383e+001  5.7821787e-023
  1.6560484e+001  5.7496073e-023
  1.6598673e+001  5.7172548e-023
  1.6636949e+001  5.6851196e-023
  1.6675314e+001  5.6531997e-023
  1.6713768e+001  5.6214935e-023
  1.6752310e+001  5.5899990e-023
  1.6790941e+001  5.5587145e-023
  1.6829661e+001  5.5276382e-023
  1.6868470e+001  5.4967685e-023
  1.6907369e+001  5.4661036e-023
  1.6946357e+001  5.4356418e-023
  1.6985436e+001  5.4053814e-023
  1.7024604e+001  5.3753208e-023
  1.7063863e+001  5.3454583e-023
  1.7103213e+001  5.3157922e-023
  1.7142653e+001  5.2863211e-023
  1.7182184e+001  5.2570432e-023
  1.7221806e+001  5.2279569e-023
  1.7261520e+001  5.1990608e-023
  1.7301325e+001  5.1703533e-023
  1.7341222e+001  5.1418327e-023
  1.7381211e+001  5.1134977e-023
  1.7421292e+001  5.0853467e-023
  1.7461466e+001  5.0573782e-023
  1.7501732e+001  5.0295907e-023
  1.7542091e+001  5.0019827e-023
  1.7582543e+001  4.9745529e-023
  1.7623089e+001  4.9472998e-023
  1.7663728e+001  4.9202219e-023
  1.7704460e+001  4.8933179e-023
  1.7745287e+001  4.8665864e-023
  1.7786208e+001  4.8400260e-023
  1.7827223e+001  4.8136353e-023
  1.7868333e+001  4.7874130e-023
  1.7909537e+001  4.7613578e-023
  1.7950837e+001  4.7354682e-023
  1.7992231e+001  4.7097431e-023
  1.8033722e+001  4.6841811e-023
  1.8075308e+001  4.6587809e-023
  1.8116989e+001  4.6335413e-023
  1.8158767e+001  4.6084610e-023
  1.8200642e+001  4.5835387e-023
  1.8242612e+001  4.5587733e-023
  1.8284680e+001  4.5341634e-023
  1.8326845e+001  4.5097079e-023
  1.8369106e+001  4.4854056e-023
  1.8411466e+001  4.4612553e-023
  1.8453923e+001  4.4372558e-023
  1.8496478e+001  4.4134060e-023
  1.8539131e+001  4.3897046e-023
  1.8581882e+001  4.3661506e-023
  1.8624732e+001  4.3427428e-023
  1.8667681e+001  4.3194802e-023
  1.8710728e+001  4.2963615e-023
  1.8753876e+001  4.2733857e-023
  1.8797122e+001  4.2505517e-023
  1.8840468e+001  4.2278585e-023
  1.8883915e+001  4.2053048e-023
  1.8927461e+001  4.1828898e-023
  1.8971108e+001  4.1606124e-023
  1.9014856e+001  4.1384715e-023
  1.9058704e+001  4.1164660e-023
  1.9102653e+001  4.0945950e-023
  1.9146704e+001  4.0728575e-023
  1.9190857e+001  4.0512525e-023
  1.9235111e+001  4.0297789e-023
  1.9279467e+001  4.0084358e-023
  1.9323926e+001  3.9872222e-023
  1.9368487e+001  3.9661372e-023
  1.9413151e+001  3.9451798e-023
  1.9457918e+001  3.9243491e-023
  1.9502788e+001  3.9036441e-023
  1.9547762e+001  3.8830639e-023
  1.9592839e+001  3.8626077e-023
  1.9638020e+001  3.8422743e-023
  1.9683305e+001  3.8220631e-023
  1.9728695e+001  3.8019731e-023
  1.9774190e+001  3.7820034e-023
  1.9819789e+001  3.7621531e-023
  1.9865494e+001  3.7424213e-023
  1.9911304e+001  3.7228073e-023
  1.9957219e+001  3.7033102e-023
  2.0003241e+001  3.6839290e-023
  2.0049369e+001  3.6646631e-023
  2.0095603e+001  3.6455115e-023
  2.0141943e+001  3.6264734e-023
  2.0188391e+001  3.6075481e-023
  2.0234945e+001  3.5887347e-023
  2.0281607e+001  3.5700324e-023
  2.0328377e+001  3.5514405e-023
  2.0375254e+001  3.5329581e-023
  2.0422240e+001  3.5145844e-023
  2.0469333e+001  3.4963188e-023
  2.0516536e+001  3.4781605e-023
  2.0563847e+001  3.4601086e-023
  2.0611268e+001  3.4421625e-023
  2.0658797e+001  3.4243214e-023
  2.0706437e+001  3.4065846e-023
  2.0754186e+001  3.3889513e-023
  2.0802045e+001  3.3714208e-023
  2.0850015e+001  3.3539925e-023
  2.0898095e+001  3.3366656e-023
  2.0946286e+001  3.3194394e-023
  2.0994589e+001  3.3023132e-023
  2.1043002e+001  3.2852863e-023
  2.1091528e+001  3.2683580e-023
  2.1140165e+001  3.2515278e-023
  2.1188914e+001  3.2347948e-023
  2.1237776e+001  3.2181585e-023
  2.1286750e+001  3.2016181e-023
  2.1335838e+001  3.1851731e-023
  2.1385039e+001  3.1688227e-023
  2.1434353e+001  3.1525664e-023
  2.1483780e+001  3.1364035e-023
  2.1533322e+001  3.1203333e-023
  2.1582978e+001  3.1043554e-023
  2.1632749e+001  3.0884689e-023
  2.1682634e+001  3.0726734e-023
  2.1732634e+001  3.0569682e-023
  2.1782750e+001  3.0413527e-023
  2.1832981e+001  3.0258263e-023
  2.1883328e+001  3.0103884e-023
  2.1933791e+001  2.9950385e-023
  2.1984371e+001  2.9797759e-023
  2.2035067e+001  2.9646001e-023
  2.2085880e+001  2.9495106e-023
  2.2136810e+001  2.9345067e-023
  2.2187858e+001  2.9195878e-023
  2.2239023e+001  2.9047535e-023
  2.2290306e+001  2.8900032e-023
  2.2341708e+001  2.8753363e-023
  2.2393228e+001  2.8607523e-023
  2.2444867e+001  2.8462506e-023
  2.2496625e+001  2.8318308e-023
  2.2548503e+001  2.8174923e-023
  2.2600500e+001  2.8032345e-023
  2.2652617e+001  2.7890570e-023
  2.2704854e+001  2.7749592e-023
  2.2757211e+001  2.7609407e-023
  2.2809689e+001  2.7470009e-023
  2.2862289e+001  2.7331393e-023
  2.2915009e+001  2.7193554e-023
  2.2967852e+001  2.7056488e-023
  2.3020816e+001  2.6920189e-023
  2.3073902e+001  2.6784652e-023
  2.3127110e+001  2.6649873e-023
  2.3180442e+001  2.6515848e-023
  2.3233896e+001  2.6382571e-023
  2.3287474e+001  2.6250037e-023
  2.3341175e+001  2.6118242e-023
  2.3395000e+001  2.5987182e-023
  2.3448949e+001  2.5856851e-023
  2.3503022e+001  2.5727246e-023
  2.3557220e+001  2.5598361e-023
  2.3611543e+001  2.5470193e-023
  2.3665992e+001  2.5342737e-023
  2.3720566e+001  2.5215988e-023
  2.3775265e+001  2.5089942e-023
  2.3830091e+001  2.4964596e-023
  2.3885044e+001  2.4839944e-023
  2.3940123e+001  2.4715982e-023
  2.3995329e+001  2.4592706e-023
  2.4050662e+001  2.4470113e-023
  2.4106123e+001  2.4348197e-023
  2.4161712e+001  2.4226955e-023
  2.4217429e+001  2.4106383e-023
  2.4273275e+001  2.3986476e-023
  2.4329249e+001  2.3867231e-023
  2.4385353e+001  2.3748644e-023
  2.4441586e+001  2.3630711e-023
  2.4497948e+001  2.3513427e-023
  2.4554441e+001  2.3396789e-023
  2.4611063e+001  2.3280794e-023
  2.4667817e+001  2.3165437e-023
  2.4724701e+001  2.3050714e-023
  2.4781716e+001  2.2936622e-023
  2.4838863e+001  2.2823157e-023
  2.4896142e+001  2.2710316e-023
  2.4953552e+001  2.2598094e-023
  2.5011095e+001  2.2486489e-023
  2.5068771e+001  2.2375496e-023
  2.5126580e+001  2.2265111e-023
  2.5184522e+001  2.2155333e-023
  2.5242598e+001  2.2046155e-023
  2.5300807e+001  2.1937577e-023
  2.5359151e+001  2.1829593e-023
  2.5417630e+001  2.1722201e-023
  2.5476243e+001  2.1615396e-023
  2.5534991e+001  2.1509177e-023
  2.5593875e+001  2.1403538e-023
  2.5652895e+001  2.1298478e-023
  2.5712050e+001  2.1193992e-023
  2.5771343e+001  2.1090078e-023
  2.5830772e+001  2.0986732e-023
  2.5890338e+001  2.0883950e-023
  2.5950041e+001  2.0781731e-023
  2.6009882e+001  2.0680069e-023
  2.6069861e+001  2.0578964e-023
  2.6129978e+001  2.0478410e-023
  2.6190234e+001  2.0378406e-023
  2.6250629e+001  2.0278947e-023
  2.6311163e+001  2.0180032e-023
  2.6371837e+001  2.0081656e-023
  2.6432650e+001  1.9983818e-023
  2.6493604e+001  1.9886513e-023
  2.6554699e+001  1.9789739e-023
  2.6615934e+001  1.9693493e-023
  2.6677311e+001  1.9597773e-023
  2.6738829e+001  1.9502574e-023
  2.6800489e+001  1.9407895e-023
  2.6862291e+001  1.9313733e-023
  2.6924236e+001  1.9220083e-023
  2.6986323e+001  1.9126945e-023
  2.7048554e+001  1.9034315e-023
  2.7110928e+001  1.8942190e-023
  2.7173446e+001  1.8850567e-023
  2.7236108e+001  1.8759444e-023
  2.7298915e+001  1.8668818e-023
  2.7361866e+001  1.8578687e-023
  2.7424963e+001  1.8489047e-023
  2.7488205e+001  1.8399896e-023
  2.7551593e+001  1.8311232e-023
  2.7615127e+001  1.8223051e-023
  2.7678808e+001  1.8135351e-023
  2.7742636e+001  1.8048130e-023
  2.7806610e+001  1.7961385e-023
  2.7870732e+001  1.7875113e-023
  2.7935003e+001  1.7789312e-023
  2.7999421e+001  1.7703980e-023
  2.8063988e+001  1.7619114e-023
  2.8128704e+001  1.7534711e-023
  2.8193569e+001  1.7450769e-023
  2.8258583e+001  1.7367286e-023
  2.8323748e+001  1.7284259e-023
  2.8389062e+001  1.7201686e-023
  2.8454528e+001  1.7119564e-023
  2.8520144e+001  1.7037891e-023
  2.8585912e+001  1.6956665e-023
  2.8651831e+001  1.6875883e-023
  2.8717903e+001  1.6795543e-023
  2.8784126e+001  1.6715643e-023
  2.8850503e+001  1.6636181e-023
  2.8917032e+001  1.6557153e-023
  2.8983715e+001  1.6478559e-023
  2.9050552e+001  1.6400395e-023
  2.9117543e+001  1.6322660e-023
  2.9184688e+001  1.6245350e-023
  2.9251988e+001  1.6168465e-023
  2.9319443e+001  1.6092002e-023
  2.9387054e+001  1.6015959e-023
  2.9454821e+001  1.5940333e-023
  2.9522744e+001  1.5865123e-023
  2.9590824e+001  1.5790326e-023
  2.9659060e+001  1.5715940e-023
  2.9727454e+001  1.5641964e-023
  2.9796006e+001  1.5568394e-023
  2.9864716e+001  1.5495230e-023
  2.9933584e+001  1.5422469e-023
  3.0002611e+001  1.5350108e-023
  3.0071797e+001  1.5278146e-023
  3.0141143e+001  1.5206582e-023
  3.0210649e+001  1.5135412e-023
  3.0280315e+001  1.5064635e-023
  3.0350142e+001  1.4994250e-023
  3.0420129e+001  1.4924253e-023
  3.0490278e+001  1.4854643e-023
  3.0560589e+001  1.4785419e-023
  3.0631062e+001  1.4716578e-023
  3.0701697e+001  1.4648118e-023
  3.0772496e+001  1.4580037e-023
  3.0843457e+001  1.4512335e-023
  3.0914583e+001  1.4445008e-023
  3.0985872e+001  1.4378054e-023
  3.1057326e+001  1.4311473e-023
  3.1128944e+001  1.4245262e-023
  3.1200728e+001  1.4179420e-023
  3.1272677e+001  1.4113944e-023
  3.1344792e+001  1.4048833e-023
  3.1417073e+001  1.3984085e-023
  3.1489521e+001  1.3919698e-023
  3.1562136e+001  1.3855670e-023
  3.1634919e+001  1.3792001e-023
  3.1707869e+001  1.3728687e-023
  3.1780988e+001  1.3665728e-023
  3.1854275e+001  1.3603121e-023
  3.1927731e+001  1.3540865e-023
  3.2001357e+001  1.3478958e-023
  3.2075152e+001  1.3417399e-023
  3.2149118e+001  1.3356185e-023
  3.2223254e+001  1.3295316e-023
  3.2297561e+001  1.3234789e-023
  3.2372039e+001  1.3174603e-023
  3.2446689e+001  1.3114756e-023
  3.2521512e+001  1.3055247e-023
  3.2596506e+001  1.2996074e-023
  3.2671674e+001  1.2937235e-023
  3.2747015e+001  1.2878729e-023
  3.2822530e+001  1.2820554e-023
  3.2898219e+001  1.2762709e-023
  3.2974083e+001  1.2705192e-023
  3.3050121e+001  1.2648001e-023
  3.3126335e+001  1.2591136e-023
  3.3202725e+001  1.2534594e-023
  3.3279290e+001  1.2478373e-023
  3.3356033e+001  1.2422473e-023
  3.3432952e+001  1.2366892e-023
  3.3510049e+001  1.2311629e-023
  3.3587323e+001  1.2256681e-023
  3.3664776e+001  1.2202047e-023
  3.3742407e+001  1.2147727e-023
  3.3820217e+001  1.2093718e-023
  3.3898207e+001  1.2040019e-023
  3.3976376e+001  1.1986629e-023
  3.4054726e+001  1.1933545e-023
  3.4133257e+001  1.1880768e-023
  3.4211968e+001  1.1828294e-023
  3.4290861e+001  1.1776124e-023
  3.4369936e+001  1.1724255e-023
  3.4449194e+001  1.1672686e-023
  3.4528634e+001  1.1621415e-023
  3.4608257e+001  1.1570442e-023
  3.4688064e+001  1.1519765e-023
  3.4768055e+001  1.1469382e-023
  3.4848230e+001  1.1419292e-023
  3.4928590e+001  1.1369494e-023
  3.5009136e+001  1.1319987e-023
  3.5089867e+001  1.1270769e-023
  3.5170785e+001  1.1221838e-023
  3.5251889e+001  1.1173194e-023
  3.5333180e+001  1.1124835e-023
  3.5414659e+001  1.1076760e-023
  3.5496325e+001  1.1028967e-023
  3.5578180e+001  1.0981456e-023
  3.5660224e+001  1.0934224e-023
  3.5742456e+001  1.0887271e-023
  3.5824879e+001  1.0840596e-023
  3.5907491e+001  1.0794196e-023
  3.5990294e+001  1.0748072e-023
  3.6073288e+001  1.0702220e-023
  3.6156473e+001  1.0656642e-023
  3.6239850e+001  1.0611334e-023
  3.6323420e+001  1.0566296e-023
  3.6407182e+001  1.0521527e-023
  3.6491137e+001  1.0477025e-023
  3.6575286e+001  1.0432789e-023
  3.6659629e+001  1.0388818e-023
  3.6744166e+001  1.0345111e-023
  3.6828898e+001  1.0301666e-023
  3.6913826e+001  1.0258482e-023
  3.6998950e+001  1.0215559e-023
  3.7084270e+001  1.0172895e-023
  3.7169786e+001  1.0130488e-023
  3.7255500e+001  1.0088338e-023
  3.7341412e+001  1.0046443e-023
  3.7427521e+001  1.0004803e-023
  3.7513829e+001  9.9634156e-024
  3.7600336e+001  9.9222802e-024
  3.7687043e+001  9.8813956e-024
  3.7773950e+001  9.8407606e-024
  3.7861057e+001  9.8003742e-024
  3.7948365e+001  9.7602351e-024
  3.8035874e+001  9.7203422e-024
  3.8123585e+001  9.6806945e-024
  3.8211498e+001  9.6412907e-024
  3.8299614e+001  9.6021298e-024
  3.8387933e+001  9.5632108e-024
  3.8476456e+001  9.5245324e-024
  3.8565183e+001  9.4860935e-024
  3.8654115e+001  9.4478932e-024
  3.8743251e+001  9.4099302e-024
  3.8832594e+001  9.3722036e-024
  3.8922142e+001  9.3347122e-024
  3.9011897e+001  9.2974549e-024
  3.9101858e+001  9.2604307e-024
  3.9192028e+001  9.2236385e-024
  3.9282405e+001  9.1870773e-024
  3.9372990e+001  9.1507460e-024
  3.9463785e+001  9.1146435e-024
  3.9554788e+001  9.0787688e-024
  3.9646002e+001  9.0431209e-024
  3.9737426e+001  9.0076987e-024
  3.9829061e+001  8.9725011e-024
  3.9920907e+001  8.9375271e-024
  4.0012965e+001  8.9027758e-024
  4.0105235e+001  8.8682460e-024
  4.0197718e+001  8.8339368e-024
  4.0290414e+001  8.7998471e-024
  4.0383324e+001  8.7659759e-024
  4.0476449e+001  8.7323223e-024
  4.0569788e+001  8.6988851e-024
  4.0663342e+001  8.6656634e-024
  4.0757112e+001  8.6326563e-024
  4.0851098e+001  8.5998626e-024
  4.0945301e+001  8.5672815e-024
  4.1039721e+001  8.5349118e-024
  4.1134359e+001  8.5027527e-024
  4.1229215e+001  8.4708031e-024
  4.1324290e+001  8.4390621e-024
  4.1419584e+001  8.4075287e-024
  4.1515098e+001  8.3762019e-024
  4.1610832e+001  8.3450808e-024
  4.1706787e+001  8.3141643e-024
  4.1802963e+001  8.2834516e-024
  4.1899361e+001  8.2529416e-024
  4.1995982e+001  8.2226334e-024
  4.2092825e+001  8.1925260e-024
  4.2189891e+001  8.1626186e-024
  4.2287181e+001  8.1329101e-024
  4.2384696e+001  8.1033995e-024
  4.2482435e+001  8.0740861e-024
  4.2580400e+001  8.0449687e-024
  4.2678591e+001  8.0160466e-024
  4.2777008e+001  7.9873186e-024
  4.2875652e+001  7.9587840e-024
  4.2974524e+001  7.9304418e-024
  4.3073623e+001  7.9022910e-024
  4.3172951e+001  7.8743307e-024
  4.3272508e+001  7.8465601e-024
  4.3372295e+001  7.8189781e-024
  4.3472312e+001  7.7915840e-024
  4.3572559e+001  7.7643766e-024
  4.3673038e+001  7.7373553e-024
  4.3773748e+001  7.7105190e-024
  4.3874691e+001  7.6838668e-024
  4.3975866e+001  7.6573978e-024
  4.4077275e+001  7.6311112e-024
  4.4178918e+001  7.6050060e-024
  4.4280795e+001  7.5790813e-024
  4.4382906e+001  7.5533363e-024
  4.4485254e+001  7.5277700e-024
  4.4587837e+001  7.5023816e-024
  4.4690657e+001  7.4771701e-024
  4.4793714e+001  7.4521347e-024
  4.4897009e+001  7.4272746e-024
  4.5000541e+001  7.4025887e-024
  4.5104313e+001  7.3780763e-024
  4.5208324e+001  7.3537365e-024
  4.5312575e+001  7.3295683e-024
  4.5417066e+001  7.3055709e-024
  4.5521798e+001  7.2817435e-024
  4.5626772e+001  7.2580852e-024
  4.5731987e+001  7.2345951e-024
  4.5837446e+001  7.2112723e-024
  4.5943147e+001  7.1881160e-024
  4.6049092e+001  7.1651254e-024
  4.6155282e+001  7.1422995e-024
  4.6261716e+001  7.1196375e-024
  4.6368396e+001  7.0971385e-024
  4.6475322e+001  7.0748017e-024
  4.6582494e+001  7.0526263e-024
  4.6689914e+001  7.0306114e-024
  4.6797581e+001  7.0087562e-024
  4.6905497e+001  6.9870597e-024
  4.7013661e+001  6.9655212e-024
  4.7122075e+001  6.9441399e-024
  4.7230739e+001  6.9229148e-024
  4.7339654e+001  6.9018451e-024
  4.7448819e+001  6.8809301e-024
  4.7558236e+001  6.8601688e-024
  4.7667906e+001  6.8395605e-024
  4.7777829e+001  6.8191043e-024
  4.7888005e+001  6.7987994e-024
  4.7998435e+001  6.7786449e-024
  4.8109120e+001  6.7586400e-024
  4.8220060e+001  6.7387839e-024
  4.8331255e+001  6.7190759e-024
  4.8442708e+001  6.6995150e-024
  4.8554417e+001  6.6801004e-024
  4.8666384e+001  6.6608313e-024
  4.8778609e+001  6.6417070e-024
  4.8891093e+001  6.6227266e-024
  4.9003836e+001  6.6038892e-024
  4.9116839e+001  6.5851941e-024
  4.9230103e+001  6.5666405e-024
  4.9343628e+001  6.5482276e-024
  4.9457415e+001  6.5299545e-024
  4.9571464e+001  6.5118204e-024
  4.9685776e+001  6.4938247e-024
  4.9800352e+001  6.4759663e-024
  4.9915192e+001  6.4582447e-024
  5.0030297e+001  6.4406588e-024
  5.0145667e+001  6.4232081e-024
  5.0261303e+001  6.4058916e-024
  5.0377206e+001  6.3887086e-024
  5.0493376e+001  6.3716583e-024
  5.0609814e+001  6.3547399e-024
  5.0726521e+001  6.3379527e-024
  5.0843497e+001  6.3212957e-024
  5.0960742e+001  6.3047684e-024
  5.1078258e+001  6.2883698e-024
  5.1196045e+001  6.2720992e-024
  5.1314103e+001  6.2559558e-024
  5.1432434e+001  6.2399388e-024
  5.1551038e+001  6.2240476e-024
  5.1669915e+001  6.2082812e-024
  5.1789066e+001  6.1926390e-024
  5.1908492e+001  6.1771201e-024
  5.2028193e+001  6.1617238e-024
  5.2148171e+001  6.1464494e-024
  5.2268425e+001  6.1312961e-024
  5.2388956e+001  6.1162630e-024
  5.2509766e+001  6.1013495e-024
  5.2630854e+001  6.0865548e-024
  5.2752221e+001  6.0718782e-024
  5.2873868e+001  6.0573188e-024
  5.2995795e+001  6.0428760e-024
  5.3118004e+001  6.0285490e-024
  5.3240495e+001  6.0143370e-024
  5.3363268e+001  6.0002393e-024
  5.3486324e+001  5.9862552e-024
  5.3609663e+001  5.9723839e-024
  5.3733288e+001  5.9586246e-024
  5.3857197e+001  5.9449767e-024
  5.3981392e+001  5.9314394e-024
  5.4105874e+001  5.9180120e-024
  5.4230642e+001  5.9046937e-024
  5.4355699e+001  5.8914839e-024
  5.4481043e+001  5.8783817e-024
  5.4606677e+001  5.8653865e-024
  5.4732600e+001  5.8524975e-024
  5.4858814e+001  5.8397140e-024
  5.4985319e+001  5.8270353e-024
  5.5112116e+001  5.8144607e-024
  5.5239205e+001  5.8019895e-024
  5.5366587e+001  5.7896209e-024
  5.5494262e+001  5.7773543e-024
  5.5622233e+001  5.7651889e-024
  5.5750498e+001  5.7531240e-024
  5.5879059e+001  5.7411589e-024
  5.6007916e+001  5.7292930e-024
  5.6137071e+001  5.7175255e-024
  5.6266524e+001  5.7058558e-024
  5.6396275e+001  5.6942830e-024
  5.6526325e+001  5.6828066e-024
  5.6656675e+001  5.6714259e-024
  5.6787326e+001  5.6601401e-024
  5.6918278e+001  5.6489486e-024
  5.7049532e+001  5.6378507e-024
  5.7181088e+001  5.6268457e-024
  5.7312948e+001  5.6159330e-024
  5.7445113e+001  5.6051118e-024
  5.7577581e+001  5.5943815e-024
  5.7710356e+001  5.5837414e-024
  5.7843436e+001  5.5731908e-024
  5.7976824e+001  5.5627292e-024
  5.8110519e+001  5.5523557e-024
  5.8244522e+001  5.5420698e-024
  5.8378834e+001  5.5318708e-024
  5.8513456e+001  5.5217581e-024
  5.8648389e+001  5.5117309e-024
  5.8783632e+001  5.5017887e-024
  5.8919188e+001  5.4919307e-024
  5.9055056e+001  5.4821564e-024
  5.9191237e+001  5.4724651e-024
  5.9327733e+001  5.4628561e-024
  5.9464543e+001  5.4533288e-024
  5.9601669e+001  5.4438826e-024
  5.9739111e+001  5.4345169e-024
  5.9876870e+001  5.4252310e-024
  6.0014946e+001  5.4160242e-024
  6.0153341e+001  5.4068960e-024
  6.0292055e+001  5.3978458e-024
  6.0431089e+001  5.3888729e-024
  6.0570443e+001  5.3799766e-024
  6.0710119e+001  5.3711565e-024
  6.0850117e+001  5.3624118e-024
  6.0990438e+001  5.3537419e-024
  6.1131083e+001  5.3451464e-024
  6.1272051e+001  5.3366244e-024
  6.1413345e+001  5.3281755e-024
  6.1554965e+001  5.3197991e-024
  6.1696911e+001  5.3114945e-024
  6.1839185e+001  5.3032612e-024
  6.1981786e+001  5.2950985e-024
  6.2124717e+001  5.2870060e-024
  6.2267977e+001  5.2789829e-024
  6.2411567e+001  5.2710287e-024
  6.2555489e+001  5.2631428e-024
  6.2699742e+001  5.2553248e-024
  6.2844328e+001  5.2475739e-024
  6.2989248e+001  5.2398896e-024
  6.3134501e+001  5.2322713e-024
  6.3280090e+001  5.2247186e-024
  6.3426014e+001  5.2172307e-024
  6.3572275e+001  5.2098072e-024
  6.3718874e+001  5.2024475e-024
  6.3865810e+001  5.1951511e-024
  6.4013085e+001  5.1879173e-024
  6.4160699e+001  5.1807457e-024
  6.4308655e+001  5.1736357e-024
  6.4456951e+001  5.1665868e-024
  6.4605589e+001  5.1595983e-024
  6.4754570e+001  5.1526699e-024
  6.4903894e+001  5.1458009e-024
  6.5053563e+001  5.1389908e-024
  6.5203577e+001  5.1322391e-024
  6.5353937e+001  5.1255453e-024
  6.5504644e+001  5.1189089e-024
  6.5655698e+001  5.1123292e-024
  6.5807101e+001  5.1058059e-024
  6.5958852e+001  5.0993383e-024
  6.6110954e+001  5.0929261e-024
  6.6263406e+001  5.0865686e-024
  6.6416210e+001  5.0802654e-024
  6.6569367e+001  5.0740160e-024
  6.6722876e+001  5.0678198e-024
  6.6876740e+001  5.0616765e-024
  6.7030958e+001  5.0555854e-024
  6.7185532e+001  5.0495461e-024
  6.7340462e+001  5.0435581e-024
  6.7495750e+001  5.0376210e-024
  6.7651395e+001  5.0317342e-024
  6.7807400e+001  5.0258972e-024
  6.7963764e+001  5.0201097e-024
  6.8120489e+001  5.0143710e-024
  6.8277576e+001  5.0086809e-024
  6.8435024e+001  5.0030387e-024
  6.8592836e+001  4.9974440e-024
  6.8751012e+001  4.9918964e-024
  6.8909552e+001  4.9863954e-024
  6.9068458e+001  4.9809405e-024
  6.9227730e+001  4.9755313e-024
  6.9387370e+001  4.9701674e-024
  6.9547378e+001  4.9648483e-024
  6.9707755e+001  4.9595735e-024
  6.9868501e+001  4.9543427e-024
  7.0029619e+001  4.9491553e-024
  7.0191107e+001  4.9440110e-024
  7.0352969e+001  4.9389093e-024
  7.0515203e+001  4.9338498e-024
  7.0677812e+001  4.9288320e-024
  7.0840795e+001  4.9238556e-024
  7.1004155e+001  4.9189201e-024
  7.1167891e+001  4.9140251e-024
  7.1332004e+001  4.9091702e-024
  7.1496497e+001  4.9043550e-024
  7.1661368e+001  4.8995790e-024
  7.1826620e+001  4.8948419e-024
  7.1992252e+001  4.8901433e-024
  7.2158267e+001  4.8854827e-024
  7.2324665e+001  4.8808597e-024
  7.2491446e+001  4.8762741e-024
  7.2658612e+001  4.8717253e-024
  7.2826163e+001  4.8672130e-024
  7.2994101e+001  4.8627368e-024
  7.3162426e+001  4.8582963e-024
  7.3331139e+001  4.8538911e-024
  7.3500241e+001  4.8495209e-024
  7.3669733e+001  4.8451853e-024
  7.3839616e+001  4.8408839e-024
  7.4009891e+001  4.8366163e-024
  7.4180558e+001  4.8323822e-024
  7.4351619e+001  4.8281812e-024
  7.4523074e+001  4.8240130e-024
  7.4694925e+001  4.8198771e-024
  7.4867172e+001  4.8157733e-024
  7.5039817e+001  4.8117011e-024
  7.5212859e+001  4.8076603e-024
  7.5386300e+001  4.8036504e-024
  7.5560142e+001  4.7996712e-024
  7.5734384e+001  4.7957223e-024
  7.5909028e+001  4.7918033e-024
  7.6084075e+001  4.7879140e-024
  7.6259525e+001  4.7840539e-024
  7.6435380e+001  4.7802227e-024
  7.6611641e+001  4.7764202e-024
  7.6788308e+001  4.7726459e-024
  7.6965382e+001  4.7688996e-024
  7.7142865e+001  4.7651810e-024
  7.7320757e+001  4.7614897e-024
  7.7499060e+001  4.7578253e-024
  7.7677773e+001  4.7541877e-024
  7.7856898e+001  4.7505764e-024
  7.8036437e+001  4.7469912e-024
  7.8216390e+001  4.7434317e-024
  7.8396757e+001  4.7398977e-024
  7.8577541e+001  4.7363888e-024
  7.8758741e+001  4.7329048e-024
  7.8940359e+001  4.7294454e-024
  7.9122397e+001  4.7260102e-024
  7.9304853e+001  4.7225989e-024
  7.9487731e+001  4.7192113e-024
  7.9671030e+001  4.7158471e-024
  7.9854752e+001  4.7125060e-024
  8.0038898e+001  4.7091877e-024
  8.0223468e+001  4.7058920e-024
  8.0408464e+001  4.7026185e-024
  8.0593887e+001  4.6993670e-024
  8.0779737e+001  4.6961371e-024
  8.0966016e+001  4.6929287e-024
  8.1152724e+001  4.6897415e-024
  8.1339863e+001  4.6865752e-024
  8.1527433e+001  4.6834294e-024
  8.1715436e+001  4.6803041e-024
  8.1903872e+001  4.6771988e-024
  8.2092743e+001  4.6741134e-024
  8.2282050e+001  4.6710476e-024
  8.2471793e+001  4.6680011e-024
  8.2661973e+001  4.6649737e-024
  8.2852592e+001  4.6619651e-024
  8.3043651e+001  4.6589751e-024
  8.3235150e+001  4.6560035e-024
  8.3427091e+001  4.6530499e-024
  8.3619475e+001  4.6501142e-024
  8.3812302e+001  4.6471961e-024
  8.4005574e+001  4.6442953e-024
  8.4199291e+001  4.6414117e-024
  8.4393456e+001  4.6385451e-024
  8.4588067e+001  4.6356950e-024
  8.4783128e+001  4.6328615e-024
  8.4978639e+001  4.6300441e-024
  8.5174600e+001  4.6272428e-024
  8.5371013e+001  4.6244572e-024
  8.5567880e+001  4.6216871e-024
  8.5765200e+001  4.6189324e-024
  8.5962975e+001  4.6161928e-024
  8.6161206e+001  4.6134681e-024
  8.6359895e+001  4.6107580e-024
  8.6559041e+001  4.6080625e-024
  8.6758647e+001  4.6053811e-024
  8.6958713e+001  4.6027139e-024
  8.7159241e+001  4.6000605e-024
  8.7360231e+001  4.5974207e-024
  8.7561684e+001  4.5947943e-024
  8.7763602e+001  4.5921812e-024
  8.7965985e+001  4.5895811e-024
  8.8168836e+001  4.5869939e-024
  8.8372154e+001  4.5844193e-024
  8.8575940e+001  4.5818571e-024
  8.8780197e+001  4.5793072e-024
  8.8984925e+001  4.5767694e-024
  8.9190125e+001  4.5742435e-024
  8.9395798e+001  4.5717292e-024
  8.9601945e+001  4.5692264e-024
  8.9808568e+001  4.5667350e-024
  9.0015667e+001  4.5642547e-024
  9.0223244e+001  4.5617854e-024
  9.0431300e+001  4.5593268e-024
  9.0639835e+001  4.5568789e-024
  9.0848851e+001  4.5544413e-024
  9.1058349e+001  4.5520141e-024
  9.1268331e+001  4.5495969e-024
  9.1478796e+001  4.5471896e-024
  9.1689747e+001  4.5447921e-024
  9.1901184e+001  4.5424041e-024
  9.2113109e+001  4.5400256e-024
  9.2325522e+001  4.5376562e-024
  9.2538426e+001  4.5352960e-024
  9.2751820e+001  4.5329447e-024
  9.2965707e+001  4.5306022e-024
  9.3180086e+001  4.5282682e-024
  9.3394960e+001  4.5259427e-024
  9.3610330e+001  4.5236255e-024
  9.3826196e+001  4.5213164e-024
  9.4042560e+001  4.5190153e-024
  9.4259423e+001  4.5167221e-024
  9.4476786e+001  4.5144365e-024
  9.4694650e+001  4.5121584e-024
  9.4913016e+001  4.5098878e-024
  9.5131886e+001  4.5076244e-024
  9.5351261e+001  4.5053680e-024
  9.5571142e+001  4.5031186e-024
  9.5791530e+001  4.5008761e-024
  9.6012426e+001  4.4986402e-024
  9.6233831e+001  4.4964108e-024
  9.6455747e+001  4.4941878e-024
  9.6678175e+001  4.4919711e-024
  9.6901115e+001  4.4897605e-024
  9.7124570e+001  4.4875559e-024
  9.7348540e+001  4.4853571e-024
  9.7573027e+001  4.4831641e-024
  9.7798031e+001  4.4809766e-024
  9.8023554e+001  4.4787947e-024
  9.8249597e+001  4.4766180e-024
  9.8476161e+001  4.4744466e-024
  9.8703248e+001  4.4722802e-024
  9.8930858e+001  4.4701189e-024
  9.9158994e+001  4.4679623e-024
  9.9387655e+001  4.4658105e-024
  9.9616844e+001  4.4636632e-024
  9.9846561e+001  4.4615205e-024
  1.0007681e+002  4.4593820e-024
  1.0030759e+002  4.4572479e-024
  1.0053890e+002  4.4551178e-024
  1.0077074e+002  4.4529918e-024
  1.0100312e+002  4.4508696e-024
  1.0123603e+002  4.4487513e-024
  1.0146948e+002  4.4466366e-024
  1.0170347e+002  4.4445254e-024
  1.0193800e+002  4.4424177e-024
  1.0217307e+002  4.4403134e-024
  1.0240868e+002  4.4382123e-024
  1.0264484e+002  4.4361143e-024
  1.0288154e+002  4.4340193e-024
  1.0311878e+002  4.4319272e-024
  1.0335658e+002  4.4298380e-024
  1.0359492e+002  4.4277514e-024
  1.0383381e+002  4.4256675e-024
  1.0407325e+002  4.4235861e-024
  1.0431324e+002  4.4215071e-024
  1.0455379e+002  4.4194304e-024
  1.0479489e+002  4.4173559e-024
  1.0503655e+002  4.4152835e-024
  1.0527876e+002  4.4132131e-024
  1.0552154e+002  4.4111446e-024
  1.0576487e+002  4.4090780e-024
  1.0600877e+002  4.4070131e-024
  1.0625322e+002  4.4049499e-024
  1.0649824e+002  4.4028882e-024
  1.0674383e+002  4.4008280e-024
  1.0698998e+002  4.3987691e-024
  1.0723670e+002  4.3967115e-024
  1.0748399e+002  4.3946551e-024
  1.0773185e+002  4.3925999e-024
  1.0798028e+002  4.3905456e-024
  1.0822928e+002  4.3884923e-024
  1.0847886e+002  4.3864398e-024
  1.0872901e+002  4.3843881e-024
  1.0897974e+002  4.3823371e-024
  1.0923105e+002  4.3802866e-024
  1.0948294e+002  4.3782367e-024
  1.0973541e+002  4.3761873e-024
  1.0998846e+002  4.3741382e-024
  1.1024209e+002  4.3720893e-024
  1.1049631e+002  4.3700407e-024
  1.1075112e+002  4.3679922e-024
  1.1100651e+002  4.3659437e-024
  1.1126249e+002  4.3638952e-024
  1.1151906e+002  4.3618466e-024
  1.1177623e+002  4.3597978e-024
  1.1203398e+002  4.3577488e-024
  1.1229234e+002  4.3556995e-024
  1.1255128e+002  4.3536497e-024
  1.1281083e+002  4.3515995e-024
  1.1307097e+002  4.3495487e-024
  1.1333171e+002  4.3474973e-024
  1.1359306e+002  4.3454452e-024
  1.1385500e+002  4.3433924e-024
  1.1411755e+002  4.3413387e-024
  1.1438071e+002  4.3392842e-024
  1.1464447e+002  4.3372287e-024
  1.1490884e+002  4.3351722e-024
  1.1517382e+002  4.3331146e-024
  1.1543942e+002  4.3310558e-024
  1.1570562e+002  4.3289958e-024
  1.1597244e+002  4.3269346e-024
  1.1623987e+002  4.3248720e-024
  1.1650792e+002  4.3228080e-024
  1.1677659e+002  4.3207425e-024
  1.1704588e+002  4.3186755e-024
  1.1731579e+002  4.3166068e-024
  1.1758632e+002  4.3145366e-024
  1.1785747e+002  4.3124646e-024
  1.1812925e+002  4.3103908e-024
  1.1840166e+002  4.3083152e-024
  1.1867469e+002  4.3062378e-024
  1.1894836e+002  4.3041584e-024
  1.1922265e+002  4.3020769e-024
  1.1949758e+002  4.2999934e-024
  1.1977314e+002  4.2979078e-024
  1.2004934e+002  4.2958201e-024
  1.2032618e+002  4.2937301e-024
  1.2060365e+002  4.2916378e-024
  1.2088176e+002  4.2895432e-024
  1.2116052e+002  4.2874462e-024
  1.2143991e+002  4.2853467e-024
  1.2171996e+002  4.2832448e-024
  1.2200064e+002  4.2811403e-024
  1.2228198e+002  4.2790332e-024
  1.2256396e+002  4.2769235e-024
  1.2284659e+002  4.2748111e-024
  1.2312988e+002  4.2726960e-024
  1.2341382e+002  4.2705780e-024
  1.2369841e+002  4.2684572e-024
  1.2398366e+002  4.2663335e-024
  1.2426957e+002  4.2642069e-024
  1.2455613e+002  4.2620773e-024
  1.2484336e+002  4.2599447e-024
  1.2513125e+002  4.2578090e-024
  1.2541981e+002  4.2556701e-024
  1.2570902e+002  4.2535281e-024
  1.2599891e+002  4.2513829e-024
  1.2628946e+002  4.2492344e-024
  1.2658069e+002  4.2470827e-024
  1.2687259e+002  4.2449275e-024
  1.2716515e+002  4.2427690e-024
  1.2745840e+002  4.2406071e-024
  1.2775232e+002  4.2384417e-024
  1.2804692e+002  4.2362728e-024
  1.2834219e+002  4.2341003e-024
  1.2863815e+002  4.2319242e-024
  1.2893479e+002  4.2297445e-024
  1.2923212e+002  4.2275611e-024
  1.2953013e+002  4.2253740e-024
  1.2982882e+002  4.2231831e-024
  1.3012821e+002  4.2209885e-024
  1.3042829e+002  4.2187900e-024
  1.3072906e+002  4.2165876e-024
  1.3103052e+002  4.2143813e-024
  1.3133268e+002  4.2121711e-024
  1.3163553e+002  4.2099569e-024
  1.3193908e+002  4.2077387e-024
  1.3224333e+002  4.2055165e-024
  1.3254829e+002  4.2032901e-024
  1.3285395e+002  4.2010597e-024
  1.3316031e+002  4.1988250e-024
  1.3346738e+002  4.1965862e-024
  1.3377515e+002  4.1943432e-024
  1.3408364e+002  4.1920958e-024
  1.3439284e+002  4.1898442e-024
  1.3470275e+002  4.1875883e-024
  1.3501337e+002  4.1853280e-024
  1.3532472e+002  4.1830634e-024
  1.3563678e+002  4.1807943e-024
  1.3594956e+002  4.1785207e-024
  1.3626306e+002  4.1762427e-024
  1.3657728e+002  4.1739601e-024
  1.3689223e+002  4.1716731e-024
  1.3720790e+002  4.1693814e-024
  1.3752431e+002  4.1670851e-024
  1.3784144e+002  4.1647842e-024
  1.3815930e+002  4.1624787e-024
  1.3847790e+002  4.1601684e-024
  1.3879723e+002  4.1578535e-024
  1.3911730e+002  4.1555338e-024
  1.3943810e+002  4.1532093e-024
  1.3975965e+002  4.1508800e-024
  1.4008193e+002  4.1485459e-024
  1.4040496e+002  4.1462070e-024
  1.4072874e+002  4.1438632e-024
  1.4105326e+002  4.1415145e-024
  1.4137853e+002  4.1391608e-024
  1.4170455e+002  4.1368022e-024
  1.4203132e+002  4.1344387e-024
  1.4235885e+002  4.1320701e-024
  1.4268713e+002  4.1296965e-024
  1.4301617e+002  4.1273179e-024
  1.4334596e+002  4.1249342e-024
  1.4367652e+002  4.1225454e-024
  1.4400784e+002  4.1201515e-024
  1.4433992e+002  4.1177524e-024
  1.4467277e+002  4.1153482e-024
  1.4500639e+002  4.1129389e-024
  1.4534077e+002  4.1105243e-024
  1.4567593e+002  4.1081045e-024
  1.4601186e+002  4.1056795e-024
  1.4634856e+002  4.1032492e-024
  1.4668604e+002  4.1008137e-024
  1.4702430e+002  4.0983728e-024
  1.4736334e+002  4.0959267e-024
  1.4770316e+002  4.0934752e-024
  1.4804377e+002  4.0910183e-024
  1.4838516e+002  4.0885561e-024
  1.4872734e+002  4.0860886e-024
  1.4907030e+002  4.0836156e-024
  1.4941406e+002  4.0811372e-024
  1.4975861e+002  4.0786533e-024
  1.5010395e+002  4.0761640e-024
  1.5045009e+002  4.0736693e-024
  1.5079703e+002  4.0711691e-024
  1.5114477e+002  4.0686633e-024
  1.5149331e+002  4.0661521e-024
  1.5184266e+002  4.0636354e-024
  1.5219281e+002  4.0611131e-024
  1.5254377e+002  4.0585853e-024
  1.5289553e+002  4.0560519e-024
  1.5324811e+002  4.0535129e-024
  1.5360150e+002  4.0509684e-024
  1.5395571e+002  4.0484183e-024
  1.5431073e+002  4.0458625e-024
  1.5466657e+002  4.0433012e-024
  1.5502324e+002  4.0407342e-024
  1.5538072e+002  4.0381616e-024
  1.5573903e+002  4.0355833e-024
  1.5609817e+002  4.0329994e-024
  1.5645813e+002  4.0304098e-024
  1.5681892e+002  4.0278145e-024
  1.5718055e+002  4.0252136e-024
  1.5754301e+002  4.0226070e-024
  1.5790630e+002  4.0199946e-024
  1.5827044e+002  4.0173766e-024
  1.5863541e+002  4.0147529e-024
  1.5900122e+002  4.0121235e-024
  1.5936788e+002  4.0094883e-024
  1.5973539e+002  4.0068474e-024
  1.6010374e+002  4.0042008e-024
  1.6047294e+002  4.0015484e-024
  1.6084299e+002  3.9988903e-024
  1.6121389e+002  3.9962265e-024
  1.6158565e+002  3.9935570e-024
  1.6195827e+002  3.9908816e-024
  1.6233175e+002  3.9882006e-024
  1.6270609e+002  3.9855138e-024
  1.6308129e+002  3.9828212e-024
  1.6345736e+002  3.9801229e-024
  1.6383429e+002  3.9774188e-024
  1.6421209e+002  3.9747090e-024
  1.6459077e+002  3.9719934e-024
  1.6497031e+002  3.9692721e-024
  1.6535074e+002  3.9665450e-024
  1.6573204e+002  3.9638122e-024
  1.6611422e+002  3.9610737e-024
  1.6649728e+002  3.9583294e-024
  1.6688122e+002  3.9555794e-024
  1.6726605e+002  3.9528236e-024
  1.6765177e+002  3.9500621e-024
  1.6803837e+002  3.9472949e-024
  1.6842587e+002  3.9445220e-024
  1.6881426e+002  3.9417433e-024
  1.6920355e+002  3.9389590e-024
  1.6959373e+002  3.9361690e-024
  1.6998482e+002  3.9333732e-024
  1.7037681e+002  3.9305718e-024
  1.7076970e+002  3.9277648e-024
  1.7116349e+002  3.9249520e-024
  1.7155820e+002  3.9221336e-024
  1.7195381e+002  3.9193096e-024
  1.7235034e+002  3.9164799e-024
  1.7274778e+002  3.9136446e-024
  1.7314614e+002  3.9108037e-024
  1.7354541e+002  3.9079572e-024
  1.7394561e+002  3.9051051e-024
  1.7434673e+002  3.9022475e-024
  1.7474877e+002  3.8993843e-024
  1.7515175e+002  3.8965156e-024
  1.7555565e+002  3.8936413e-024
  1.7596048e+002  3.8907615e-024
  1.7636625e+002  3.8878763e-024
  1.7677295e+002  3.8849856e-024
  1.7718059e+002  3.8820894e-024
  1.7758917e+002  3.8791878e-024
  1.7799869e+002  3.8762807e-024
  1.7840916e+002  3.8733683e-024
  1.7882057e+002  3.8704505e-024
  1.7923293e+002  3.8675273e-024
  1.7964624e+002  3.8645989e-024
  1.8006051e+002  3.8616651e-024
  1.8047573e+002  3.8587260e-024
  1.8089191e+002  3.8557816e-024
  1.8130905e+002  3.8528321e-024
  1.8172715e+002  3.8498773e-024
  1.8214621e+002  3.8469173e-024
  1.8256624e+002  3.8439522e-024
  1.8298724e+002  3.8409819e-024
  1.8340921e+002  3.8380066e-024
  1.8383215e+002  3.8350262e-024
  1.8425607e+002  3.8320407e-024
  1.8468097e+002  3.8290502e-024
  1.8510684e+002  3.8260548e-024
  1.8553370e+002  3.8230544e-024
  1.8596154e+002  3.8200491e-024
  1.8639037e+002  3.8170389e-024
  1.8682019e+002  3.8140239e-024
  1.8725100e+002  3.8110041e-024
  1.8768280e+002  3.8079795e-024
  1.8811560e+002  3.8049502e-024
  1.8854939e+002  3.8019162e-024
  1.8898419e+002  3.7988775e-024
  1.8941999e+002  3.7958342e-024
  1.8985679e+002  3.7927863e-024
  1.9029460e+002  3.7897340e-024
  1.9073343e+002  3.7866771e-024
  1.9117326e+002  3.7836158e-024
  1.9161411e+002  3.7805501e-024
  1.9205597e+002  3.7774800e-024
  1.9249885e+002  3.7744056e-024
  1.9294276e+002  3.7713270e-024
  1.9338768e+002  3.7682442e-024
  1.9383364e+002  3.7651572e-024
  1.9428062e+002  3.7620660e-024
  1.9472863e+002  3.7589709e-024
  1.9517768e+002  3.7558717e-024
  1.9562776e+002  3.7527686e-024
  1.9607888e+002  3.7496616e-024
  1.9653104e+002  3.7465507e-024
  1.9698424e+002  3.7434361e-024
  1.9743849e+002  3.7403177e-024
  1.9789378e+002  3.7371957e-024
  1.9835012e+002  3.7340701e-024
  1.9880752e+002  3.7309409e-024
  1.9926597e+002  3.7278083e-024
  1.9972548e+002  3.7246722e-024
  2.0018605e+002  3.7215328e-024
  2.0064768e+002  3.7183901e-024
  2.0111038e+002  3.7152442e-024
  2.0157414e+002  3.7120951e-024
  2.0203897e+002  3.7089430e-024
  2.0250487e+002  3.7057878e-024
  2.0297185e+002  3.7026297e-024
  2.0343991e+002  3.6994688e-024
  2.0390904e+002  3.6963050e-024
  2.0437926e+002  3.6931386e-024
  2.0485056e+002  3.6899695e-024
  2.0532294e+002  3.6867979e-024
  2.0579642e+002  3.6836238e-024
  2.0627099e+002  3.6804473e-024
  2.0674665e+002  3.6772685e-024
  2.0722341e+002  3.6740875e-024
  2.0770127e+002  3.6709044e-024
  2.0818023e+002  3.6677192e-024
  2.0866029e+002  3.6645320e-024
  2.0914147e+002  3.6613430e-024
  2.0962375e+002  3.6581521e-024
  2.1010714e+002  3.6549596e-024
  2.1059165e+002  3.6517656e-024
  2.1107728e+002  3.6485700e-024
  2.1156402e+002  3.6453730e-024
  2.1205189e+002  3.6421748e-024
  2.1254088e+002  3.6389753e-024
  2.1303100e+002  3.6357747e-024
  2.1352226e+002  3.6325732e-024
  2.1401464e+002  3.6293708e-024
  2.1450816e+002  3.6261676e-024
  2.1500282e+002  3.6229637e-024
  2.1549861e+002  3.6197593e-024
  2.1599556e+002  3.6165545e-024
  2.1649364e+002  3.6133493e-024
  2.1699288e+002  3.6101439e-024
  2.1749327e+002  3.6069385e-024
  2.1799481e+002  3.6037331e-024
  2.1849750e+002  3.6005278e-024
  2.1900136e+002  3.5973228e-024
  2.1950638e+002  3.5941182e-024
  2.2001256e+002  3.5909141e-024
  2.2051991e+002  3.5877107e-024
  2.2102844e+002  3.5845081e-024
  2.2153813e+002  3.5813064e-024
  2.2204900e+002  3.5781057e-024
  2.2256104e+002  3.5749063e-024
  2.2307427e+002  3.5717082e-024
  2.2358868e+002  3.5685116e-024
  2.2410428e+002  3.5653166e-024
  2.2462107e+002  3.5621234e-024
  2.2513904e+002  3.5589320e-024
  2.2565822e+002  3.5557428e-024
  2.2617859e+002  3.5525557e-024
  2.2670016e+002  3.5493711e-024
  2.2722293e+002  3.5461889e-024
  2.2774691e+002  3.5430095e-024
  2.2827209e+002  3.5398329e-024
  2.2879849e+002  3.5366593e-024
  2.2932610e+002  3.5334889e-024
  2.2985493e+002  3.5303218e-024
  2.3038497e+002  3.5271583e-024
  2.3091624e+002  3.5239984e-024
  2.3144874e+002  3.5208424e-024
  2.3198246e+002  3.5176904e-024
  2.3251741e+002  3.5145426e-024
  2.3305360e+002  3.5113993e-024
  2.3359102e+002  3.5082605e-024
  2.3412969e+002  3.5051265e-024
  2.3466959e+002  3.5019975e-024
  2.3521074e+002  3.4988736e-024
  2.3575314e+002  3.4957551e-024
  2.3629679e+002  3.4926421e-024
  2.3684169e+002  3.4895349e-024
  2.3738785e+002  3.4864336e-024
  2.3793527e+002  3.4833385e-024
  2.3848395e+002  3.4802497e-024
  2.3903389e+002  3.4771675e-024
  2.3958511e+002  3.4740921e-024
  2.4013759e+002  3.4710237e-024
  2.4069135e+002  3.4679626e-024
  2.4124639e+002  3.4649089e-024
  2.4180270e+002  3.4618628e-024
  2.4236030e+002  3.4588247e-024
  2.4291919e+002  3.4557947e-024
  2.4347936e+002  3.4527730e-024
  2.4404083e+002  3.4497600e-024
  2.4460359e+002  3.4467558e-024
  2.4516764e+002  3.4437607e-024
  2.4573300e+002  3.4407749e-024
  2.4629967e+002  3.4377987e-024
  2.4686763e+002  3.4348323e-024
  2.4743691e+002  3.4318760e-024
  2.4800750e+002  3.4289301e-024
  2.4857941e+002  3.4259948e-024
  2.4915264e+002  3.4230703e-024
  2.4972719e+002  3.4201570e-024
  2.5030306e+002  3.4172551e-024
  2.5088026e+002  3.4143649e-024
  2.5145879e+002  3.4114867e-024
  2.5203866e+002  3.4086207e-024
  2.5261986e+002  3.4057672e-024
  2.5320240e+002  3.4029266e-024
  2.5378629e+002  3.4000990e-024
  2.5437152e+002  3.3972849e-024
  2.5495811e+002  3.3944845e-024
  2.5554604e+002  3.3916981e-024
  2.5613533e+002  3.3889260e-024
  2.5672598e+002  3.3861685e-024
  2.5731799e+002  3.3834260e-024
  2.5791137e+002  3.3806987e-024
  2.5850612e+002  3.3779869e-024
  2.5910223e+002  3.3752911e-024
  2.5969973e+002  3.3726115e-024
  2.6029859e+002  3.3699484e-024
  2.6089885e+002  3.3673022e-024
  2.6150048e+002  3.3646733e-024
  2.6210350e+002  3.3620619e-024
  2.6270792e+002  3.3594684e-024
  2.6331372e+002  3.3568932e-024
  2.6392092e+002  3.3543366e-024
  2.6452953e+002  3.3517989e-024
  2.6513954e+002  3.3492806e-024
  2.6575095e+002  3.3467820e-024
  2.6636377e+002  3.3443034e-024
  2.6697801e+002  3.3418453e-024
  2.6759366e+002  3.3394080e-024
  2.6821074e+002  3.3369919e-024
  2.6882923e+002  3.3345973e-024
  2.6944915e+002  3.3322248e-024
  2.7007051e+002  3.3298745e-024
  2.7069329e+002  3.3275471e-024
  2.7131751e+002  3.3252428e-024
  2.7194317e+002  3.3229620e-024
  2.7257028e+002  3.3207052e-024
  2.7319882e+002  3.3184728e-024
  2.7382882e+002  3.3162652e-024
  2.7446027e+002  3.3140828e-024
  2.7509318e+002  3.3119260e-024
  2.7572755e+002  3.3097953e-024
  2.7636338e+002  3.3076911e-024
  2.7700067e+002  3.3056138e-024
  2.7763944e+002  3.3035640e-024
  2.7827968e+002  3.3015419e-024
  2.7892139e+002  3.2995481e-024
  2.7956459e+002  3.2975830e-024
  2.8020927e+002  3.2956471e-024
  2.8085543e+002  3.2937409e-024
  2.8150309e+002  3.2918647e-024
  2.8215223e+002  3.2900191e-024
  2.8280288e+002  3.2882046e-024
  2.8345503e+002  3.2864216e-024
  2.8410868e+002  3.2846707e-024
  2.8476383e+002  3.2829522e-024
  2.8542050e+002  3.2812667e-024
  2.8607868e+002  3.2796147e-024
  2.8673838e+002  3.2779966e-024
  2.8739960e+002  3.2764131e-024
  2.8806235e+002  3.2748645e-024
  2.8872662e+002  3.2733514e-024
  2.8939243e+002  3.2718743e-024
  2.9005977e+002  3.2704338e-024
  2.9072865e+002  3.2690303e-024
  2.9139907e+002  3.2676644e-024
  2.9207104e+002  3.2663367e-024
  2.9274456e+002  3.2650475e-024
  2.9341963e+002  3.2637975e-024
  2.9409626e+002  3.2625873e-024
  2.9477444e+002  3.2614173e-024
  2.9545420e+002  3.2602882e-024
  2.9613552e+002  3.2592004e-024
  2.9681841e+002  3.2581546e-024
  2.9750287e+002  3.2571513e-024
  2.9818892e+002  3.2561910e-024
  2.9887654e+002  3.2552743e-024
  2.9956575e+002  3.2544019e-024
  3.0025656e+002  3.2535742e-024
  3.0094895e+002  3.2527919e-024
  3.0164294e+002  3.2520555e-024
  3.0233853e+002  3.2513657e-024
  3.0303573e+002  3.2507230e-024
  3.0373453e+002  3.2501279e-024
  3.0443494e+002  3.2495812e-024
  3.0513697e+002  3.2490834e-024
  3.0584062e+002  3.2486352e-024
  3.0654589e+002  3.2482370e-024
  3.0725279e+002  3.2478896e-024
  3.0796131e+002  3.2475935e-024
  3.0867148e+002  3.2473494e-024
  3.0938327e+002  3.2471578e-024
  3.1009672e+002  3.2470195e-024
  3.1081180e+002  3.2469350e-024
  3.1152853e+002  3.2469049e-024
  3.1224692e+002  3.2469300e-024
  3.1296697e+002  3.2470107e-024
  3.1368867e+002  3.2471479e-024
  3.1441204e+002  3.2473420e-024
  3.1513708e+002  3.2475937e-024
  3.1586378e+002  3.2479038e-024
  3.1659217e+002  3.2482727e-024
  3.1732223e+002  3.2487013e-024
  3.1805398e+002  3.2491901e-024
  3.1878741e+002  3.2497397e-024
  3.1952254e+002  3.2503509e-024
  3.2025936e+002  3.2510243e-024
  3.2099788e+002  3.2517605e-024
  3.2173811e+002  3.2525603e-024
  3.2248004e+002  3.2534242e-024
  3.2322368e+002  3.2543530e-024
  3.2396903e+002  3.2553473e-024
  3.2471611e+002  3.2564077e-024
  3.2546491e+002  3.2575350e-024
  3.2621543e+002  3.2587298e-024
  3.2696769e+002  3.2599928e-024
  3.2772168e+002  3.2613246e-024
  3.2847741e+002  3.2627259e-024
  3.2923488e+002  3.2641975e-024
  3.2999410e+002  3.2657399e-024
  3.3075506e+002  3.2673539e-024
  3.3151779e+002  3.2690401e-024
  3.3228227e+002  3.2707992e-024
  3.3304852e+002  3.2726319e-024
  3.3381653e+002  3.2745388e-024
  3.3458631e+002  3.2765207e-024
  3.3535787e+002  3.2785782e-024
  3.3613121e+002  3.2807120e-024
  3.3690633e+002  3.2829227e-024
  3.3768324e+002  3.2852111e-024
  3.3846194e+002  3.2875778e-024
  3.3924243e+002  3.2900235e-024
  3.4002473e+002  3.2925488e-024
  3.4080883e+002  3.2951545e-024
  3.4159474e+002  3.2978413e-024
  3.4238246e+002  3.3006097e-024
  3.4317199e+002  3.3034605e-024
  3.4396335e+002  3.3063943e-024
  3.4475653e+002  3.3094119e-024
  3.4555154e+002  3.3125138e-024
  3.4634839e+002  3.3157007e-024
  3.4714707e+002  3.3189734e-024
  3.4794759e+002  3.3223325e-024
  3.4874996e+002  3.3257786e-024
  3.4955418e+002  3.3293124e-024
  3.5036026e+002  3.3329346e-024
  3.5116819e+002  3.3366458e-024
  3.5197799e+002  3.3404467e-024
  3.5278965e+002  3.3443380e-024
  3.5360319e+002  3.3483202e-024
  3.5441860e+002  3.3523941e-024
  3.5523589e+002  3.3565602e-024
  3.5605507e+002  3.3608193e-024
  3.5687613e+002  3.3651720e-024
  3.5769909e+002  3.3696189e-024
  3.5852395e+002  3.3741607e-024
  3.5935071e+002  3.3787980e-024
  3.6017937e+002  3.3835314e-024
  3.6100995e+002  3.3883616e-024
  3.6184244e+002  3.3932892e-024
  3.6267685e+002  3.3983149e-024
  3.6351319e+002  3.4034392e-024
  3.6435145e+002  3.4086628e-024
  3.6519165e+002  3.4139863e-024
  3.6603379e+002  3.4194103e-024
  3.6687786e+002  3.4249355e-024
  3.6772389e+002  3.4305624e-024
  3.6857186e+002  3.4362917e-024
  3.6942179e+002  3.4421241e-024
  3.7027368e+002  3.4480600e-024
  3.7112753e+002  3.4541002e-024
  3.7198336e+002  3.4602452e-024
  3.7284115e+002  3.4664957e-024
  3.7370093e+002  3.4728522e-024
  3.7456268e+002  3.4793154e-024
  3.7542643e+002  3.4858860e-024
  3.7629216e+002  3.4925644e-024
  3.7715990e+002  3.4993515e-024
  3.7802963e+002  3.5062477e-024
  3.7890137e+002  3.5132537e-024
  3.7977512e+002  3.5203702e-024
  3.8065088e+002  3.5275978e-024
  3.8152867e+002  3.5349372e-024
  3.8240848e+002  3.5423891e-024
  3.8329031e+002  3.5499542e-024
  3.8417418e+002  3.5576331e-024
  3.8506009e+002  3.5654267e-024
  3.8594804e+002  3.5733357e-024
  3.8683804e+002  3.5813609e-024
  3.8773009e+002  3.5895032e-024
  3.8862420e+002  3.5977635e-024
  3.8952037e+002  3.6061428e-024
  3.9041861e+002  3.6146420e-024
  3.9131892e+002  3.6232624e-024
  3.9222130e+002  3.6320051e-024
  3.9312577e+002  3.6408716e-024
  3.9403232e+002  3.6498635e-024
  3.9494096e+002  3.6589824e-024
  3.9585170e+002  3.6682303e-024
  3.9676453e+002  3.6776097e-024
  3.9767948e+002  3.6871233e-024
  3.9859653e+002  3.6967742e-024
  3.9951569e+002  3.7065665e-024
  4.0043698e+002  3.7165050e-024
  4.0136039e+002  3.7265954e-024
  4.0228593e+002  3.7368453e-024
  4.0321361e+002  3.7472641e-024
  4.0414342e+002  3.7578641e-024
  4.0507538e+002  3.7686613e-024
  4.0600948e+002  3.7796776e-024
  4.0694575e+002  3.7909428e-024
  4.0788417e+002  3.8024986e-024
  4.0882475e+002  3.8144058e-024
  4.0976750e+002  3.8267545e-024
  4.1071243e+002  3.8396843e-024
  4.1165954e+002  3.8534204e-024
  4.1260883e+002  3.8683462e-024
  4.1356030e+002  3.8851589e-024
  4.1451398e+002  3.9052375e-024
  4.1546985e+002  3.9316361e-024
  4.1642793e+002  3.9722875e-024
  4.1738821e+002  4.0535046e-024
  4.1835071e+002  4.3099653e-024
  4.1931543e+002  4.3011525e-024
  4.2028238e+002  4.3060737e-024
  4.2125155e+002  4.3058689e-024
  4.2222296e+002  4.0995643e-024
  4.2319661e+002  4.0492972e-024
  4.2417251e+002  4.0359117e-024
  4.2515065e+002  4.0355638e-024
  4.2613105e+002  4.0410023e-024
  4.2711371e+002  4.0494282e-024
  4.2809864e+002  4.0595785e-024
  4.2908584e+002  4.0708165e-024
  4.3007531e+002  4.0827934e-024
  4.3106707e+002  4.0953051e-024
  4.3206111e+002  4.1082263e-024
  4.3305745e+002  4.1214763e-024
  4.3405608e+002  4.1350016e-024
  4.3505702e+002  4.1487653e-024
  4.3606027e+002  4.1627416e-024
  4.3706582e+002  4.1769121e-024
  4.3807370e+002  4.1912630e-024
  4.3908390e+002  4.2057842e-024
  4.4009643e+002  4.2204681e-024
  4.4111130e+002  4.2353088e-024
  4.4212851e+002  4.2503018e-024
  4.4314806e+002  4.2654435e-024
  4.4416996e+002  4.2807312e-024
  4.4519422e+002  4.2961625e-024
  4.4622084e+002  4.3117357e-024
  4.4724983e+002  4.3274493e-024
  4.4828119e+002  4.3433023e-024
  4.4931493e+002  4.3592936e-024
  4.5035105e+002  4.3754225e-024
  4.5138957e+002  4.3916883e-024
  4.5243047e+002  4.4080906e-024
  4.5347378e+002  4.4246288e-024
  4.5451950e+002  4.4413028e-024
  4.5556762e+002  4.4581121e-024
  4.5661816e+002  4.4750566e-024
  4.5767113e+002  4.4921361e-024
  4.5872652e+002  4.5093504e-024
  4.5978435e+002  4.5266995e-024
  4.6084462e+002  4.5441832e-024
  4.6190733e+002  4.5618014e-024
  4.6297249e+002  4.5795541e-024
  4.6404011e+002  4.5974413e-024
  4.6511019e+002  4.6154630e-024
  4.6618273e+002  4.6336191e-024
  4.6725776e+002  4.6519097e-024
  4.6833526e+002  4.6703347e-024
  4.6941524e+002  4.6888942e-024
  4.7049772e+002  4.7075881e-024
  4.7158269e+002  4.7264166e-024
  4.7267016e+002  4.7453796e-024
  4.7376014e+002  4.7644772e-024
  4.7485264e+002  4.7837094e-024
  4.7594765e+002  4.8030762e-024
  4.7704519e+002  4.8225777e-024
  4.7814526e+002  4.8422139e-024
  4.7924786e+002  4.8619849e-024
  4.8035301e+002  4.8818908e-024
  4.8146071e+002  4.9019315e-024
  4.8257096e+002  4.9221070e-024
  4.8368378e+002  4.9424176e-024
  4.8479915e+002  4.9628631e-024
  4.8591711e+002  4.9834437e-024
  4.8703763e+002  5.0041594e-024
  4.8816075e+002  5.0250103e-024
  4.8928645e+002  5.0459963e-024
  4.9041475e+002  5.0671176e-024
  4.9154565e+002  5.0883742e-024
  4.9267916e+002  5.1097661e-024
  4.9381528e+002  5.1312934e-024
  4.9495402e+002  5.1529562e-024
  4.9609539e+002  5.1747545e-024
  4.9723939e+002  5.1966883e-024
  4.9838602e+002  5.2187576e-024
  4.9953531e+002  5.2409627e-024
  5.0068724e+002  5.2633034e-024
  5.0184183e+002  5.2857798e-024
  5.0299908e+002  5.3083921e-024
  5.0415900e+002  5.3311401e-024
  5.0532159e+002  5.3540241e-024
  5.0648687e+002  5.3770439e-024
  5.0765483e+002  5.4001998e-024
  5.0882549e+002  5.4234917e-024
  5.0999884e+002  5.4469197e-024
  5.1117490e+002  5.4704837e-024
  5.1235368e+002  5.4941840e-024
  5.1353517e+002  5.5180205e-024
  5.1471938e+002  5.5419933e-024
  5.1590633e+002  5.5661024e-024
  5.1709601e+002  5.5903478e-024
  5.1828844e+002  5.6147297e-024
  5.1948362e+002  5.6392480e-024
  5.2068155e+002  5.6639029e-024
  5.2188225e+002  5.6886944e-024
  5.2308571e+002  5.7136224e-024
  5.2429195e+002  5.7386872e-024
  5.2550097e+002  5.7638886e-024
  5.2671278e+002  5.7892269e-024
  5.2792739e+002  5.8147019e-024
  5.2914479e+002  5.8403139e-024
  5.3036500e+002  5.8660627e-024
  5.3158803e+002  5.8919486e-024
  5.3281387e+002  5.9179715e-024
  5.3404255e+002  5.9441315e-024
  5.3527405e+002  5.9704286e-024
  5.3650840e+002  5.9968629e-024
  5.3774559e+002  6.0234345e-024
  5.3898564e+002  6.0501434e-024
  5.4022854e+002  6.0769897e-024
  5.4147431e+002  6.1039733e-024
  5.4272296e+002  6.1310945e-024
  5.4397448e+002  6.1583532e-024
  5.4522889e+002  6.1857495e-024
  5.4648619e+002  6.2132834e-024
  5.4774639e+002  6.2409551e-024
  5.4900950e+002  6.2687645e-024
  5.5027552e+002  6.2967118e-024
  5.5154446e+002  6.3247969e-024
  5.5281633e+002  6.3530200e-024
  5.5409112e+002  6.3813811e-024
  5.5536886e+002  6.4098803e-024
  5.5664955e+002  6.4385177e-024
  5.5793319e+002  6.4672932e-024
  5.5921978e+002  6.4962070e-024
  5.6050935e+002  6.5252592e-024
  5.6180189e+002  6.5544497e-024
  5.6309741e+002  6.5837788e-024
  5.6439591e+002  6.6132463e-024
  5.6569742e+002  6.6428525e-024
  5.6700192e+002  6.6725973e-024
  5.6830943e+002  6.7024809e-024
  5.6961995e+002  6.7325033e-024
  5.7093350e+002  6.7626646e-024
  5.7225008e+002  6.7929649e-024
  5.7356969e+002  6.8234042e-024
  5.7489235e+002  6.8539826e-024
  5.7621806e+002  6.8847001e-024
  5.7754682e+002  6.9155570e-024
  5.7887865e+002  6.9465531e-024
  5.8021354e+002  6.9776887e-024
  5.8155152e+002  7.0089637e-024
  5.8289258e+002  7.0403783e-024
  5.8423674e+002  7.0719325e-024
  5.8558399e+002  7.1036265e-024
  5.8693435e+002  7.1354602e-024
  5.8828783e+002  7.1674339e-024
  5.8964443e+002  7.1995475e-024
  5.9100415e+002  7.2318011e-024
  5.9236701e+002  7.2641949e-024
  5.9373301e+002  7.2967289e-024
  5.9510217e+002  7.3294032e-024
  5.9647448e+002  7.3622178e-024
  5.9784995e+002  7.3951729e-024
  5.9922860e+002  7.4282686e-024
  6.0061042e+002  7.4615050e-024
  6.0199543e+002  7.4948820e-024
  6.0338364e+002  7.5283999e-024
  6.0477505e+002  7.5620587e-024
  6.0616966e+002  7.5958585e-024
  6.0756750e+002  7.6297994e-024
  6.0896855e+002  7.6638815e-024
  6.1037284e+002  7.6981048e-024
  6.1178036e+002  7.7324696e-024
  6.1319113e+002  7.7669758e-024
  6.1460516e+002  7.8016235e-024
  6.1602244e+002  7.8364130e-024
  6.1744299e+002  7.8713442e-024
  6.1886682e+002  7.9064172e-024
  6.2029393e+002  7.9416322e-024
  6.2172433e+002  7.9769892e-024
  6.2315804e+002  8.0124884e-024
  6.2459504e+002  8.0481299e-024
  6.2603536e+002  8.0839137e-024
  6.2747901e+002  8.1198400e-024
  6.2892598e+002  8.1559088e-024
  6.3037629e+002  8.1921203e-024
  6.3182994e+002  8.2284745e-024
  6.3328694e+002  8.2649717e-024
  6.3474731e+002  8.3016118e-024
  6.3621104e+002  8.3383950e-024
  6.3767815e+002  8.3753214e-024
  6.3914864e+002  8.4123910e-024
  6.4062252e+002  8.4496041e-024
  6.4209980e+002  8.4869607e-024
  6.4358049e+002  8.5244610e-024
  6.4506459e+002  8.5621049e-024
  6.4655211e+002  8.5998927e-024
  6.4804307e+002  8.6378245e-024
  6.4953746e+002  8.6759004e-024
  6.5103530e+002  8.7141204e-024
  6.5253659e+002  8.7524847e-024
  6.5404134e+002  8.7909935e-024
  6.5554957e+002  8.8296467e-024
  6.5706127e+002  8.8684446e-024
  6.5857646e+002  8.9073873e-024
  6.6009514e+002  8.9464748e-024
  6.6161732e+002  8.9857074e-024
  6.6314302e+002  9.0250850e-024
  6.6467223e+002  9.0646079e-024
  6.6620497e+002  9.1042761e-024
  6.6774125e+002  9.1440898e-024
  6.6928106e+002  9.1840491e-024
  6.7082443e+002  9.2241540e-024
  6.7237136e+002  9.2644049e-024
  6.7392185e+002  9.3048016e-024
  6.7547592e+002  9.3453445e-024
  6.7703357e+002  9.3860335e-024
  6.7859481e+002  9.4268689e-024
  6.8015966e+002  9.4678507e-024
  6.8172811e+002  9.5089791e-024
  6.8330018e+002  9.5502541e-024
  6.8487588e+002  9.5916760e-024
  6.8645521e+002  9.6332449e-024
  6.8803818e+002  9.6749608e-024
  6.8962480e+002  9.7168239e-024
  6.9121508e+002  9.7588344e-024
  6.9280903e+002  9.8009923e-024
  6.9440665e+002  9.8432978e-024
  6.9600796e+002  9.8857510e-024
  6.9761296e+002  9.9283521e-024
  6.9922166e+002  9.9711012e-024
  7.0083407e+002  1.0013998e-023
  7.0245020e+002  1.0057044e-023
  7.0407005e+002  1.0100238e-023
  7.0569364e+002  1.0143580e-023
  7.0732098e+002  1.0187071e-023
  7.0895207e+002  1.0230710e-023
  7.1058691e+002  1.0274499e-023
  7.1222553e+002  1.0318437e-023
  7.1386793e+002  1.0362523e-023
  7.1551412e+002  1.0406760e-023
  7.1716410e+002  1.0451145e-023
  7.1881788e+002  1.0495680e-023
  7.2047548e+002  1.0540365e-023
  7.2213690e+002  1.0585200e-023
  7.2380216e+002  1.0630185e-023
  7.2547125e+002  1.0675320e-023
  7.2714419e+002  1.0720605e-023
  7.2882099e+002  1.0766040e-023
  7.3050166e+002  1.0811626e-023
  7.3218620e+002  1.0857363e-023
  7.3387463e+002  1.0903251e-023
  7.3556695e+002  1.0949289e-023
  7.3726317e+002  1.0995479e-023
  7.3896331e+002  1.1041820e-023
  7.4066736e+002  1.1088312e-023
  7.4237535e+002  1.1134956e-023
  7.4408727e+002  1.1181751e-023
  7.4580314e+002  1.1228699e-023
  7.4752297e+002  1.1275798e-023
  7.4924676e+002  1.1323049e-023
  7.5097453e+002  1.1370453e-023
  7.5270628e+002  1.1418009e-023
  7.5444203e+002  1.1465718e-023
  7.5618178e+002  1.1513579e-023
  7.5792554e+002  1.1561593e-023
  7.5967332e+002  1.1609760e-023
  7.6142514e+002  1.1658080e-023
  7.6318099e+002  1.1706554e-023
  7.6494089e+002  1.1755181e-023
  7.6670485e+002  1.1803961e-023
  7.6847288e+002  1.1852895e-023
  7.7024498e+002  1.1901983e-023
  7.7202117e+002  1.1951225e-023
  7.7380146e+002  1.2000621e-023
  7.7558585e+002  1.2050172e-023
  7.7737436e+002  1.2099877e-023
  7.7916699e+002  1.2149736e-023
  7.8096375e+002  1.2199751e-023
  7.8276466e+002  1.2249920e-023
  7.8456972e+002  1.2300244e-023
  7.8637895e+002  1.2350724e-023
  7.8819234e+002  1.2401359e-023
  7.9000992e+002  1.2452149e-023
  7.9183169e+002  1.2503095e-023
  7.9365766e+002  1.2554197e-023
  7.9548784e+002  1.2605455e-023
  7.9732224e+002  1.2656870e-023
  7.9916087e+002  1.2708440e-023
  8.0100374e+002  1.2760167e-023
  8.0285086e+002  1.2812051e-023
  8.0470224e+002  1.2864092e-023
  8.0655789e+002  1.2916290e-023
  8.0841782e+002  1.2968645e-023
  8.1028204e+002  1.3021158e-023
  8.1215056e+002  1.3073829e-023
  8.1402338e+002  1.3126658e-023
  8.1590052e+002  1.3179645e-023
  8.1778200e+002  1.3232791e-023
  8.1966781e+002  1.3286097e-023
  8.2155797e+002  1.3339563e-023
  8.2345249e+002  1.3393191e-023
  8.2535138e+002  1.3446983e-023
  8.2725464e+002  1.3500943e-023
  8.2916230e+002  1.3555078e-023
  8.3107435e+002  1.3609405e-023
  8.3299082e+002  1.3663967e-023
  8.3491170e+002  1.3718916e-023
  8.3683701e+002  1.3775104e-023
  8.3876676e+002  1.3854585e-023
  8.4070097e+002  1.3894644e-023
  8.4263963e+002  1.3939649e-023
  8.4458276e+002  1.3993988e-023
  8.4653038e+002  1.4049218e-023
  8.4848248e+002  1.4104780e-023
  8.5043909e+002  1.4160564e-023
  8.5240021e+002  1.4216536e-023
  8.5436585e+002  1.4272682e-023
  8.5633603e+002  1.4328996e-023
  8.5831074e+002  1.4385476e-023
  8.6029001e+002  1.4442121e-023
  8.6227385e+002  1.4498929e-023
  8.6426226e+002  1.4555900e-023
  8.6625525e+002  1.4613033e-023
  8.6825285e+002  1.4670329e-023
  8.7025504e+002  1.4727788e-023
  8.7226186e+002  1.4785410e-023
  8.7427330e+002  1.4843194e-023
  8.7628938e+002  1.4901142e-023
  8.7831011e+002  1.4959252e-023
  8.8033550e+002  1.5017525e-023
  8.8236556e+002  1.5075962e-023
  8.8440030e+002  1.5134562e-023
  8.8643974e+002  1.5193325e-023
  8.8848387e+002  1.5252252e-023
  8.9053272e+002  1.5311343e-023
  8.9258630e+002  1.5370598e-023
  8.9464461e+002  1.5430018e-023
  8.9670767e+002  1.5489601e-023
  8.9877548e+002  1.5549349e-023
  9.0084807e+002  1.5609262e-023
  9.0292543e+002  1.5669339e-023
  9.0500758e+002  1.5729581e-023
  9.0709454e+002  1.5789989e-023
  9.0918630e+002  1.5850562e-023
  9.1128289e+002  1.5911300e-023
  9.1338432e+002  1.5972204e-023
  9.1549059e+002  1.6033274e-023
  9.1760172e+002  1.6094510e-023
  9.1971771e+002  1.6155912e-023
  9.2183859e+002  1.6217480e-023
  9.2396436e+002  1.6279215e-023
  9.2609503e+002  1.6341117e-023
  9.2823061e+002  1.6403185e-023
  9.3037112e+002  1.6465420e-023
  9.3251656e+002  1.6527823e-023
  9.3466695e+002  1.6590393e-023
  9.3682230e+002  1.6653131e-023
  9.3898262e+002  1.6716036e-023
  9.4114792e+002  1.6779109e-023
  9.4331821e+002  1.6842350e-023
  9.4549351e+002  1.6905760e-023
  9.4767383e+002  1.6969338e-023
  9.4985917e+002  1.7033084e-023
  9.5204955e+002  1.7097000e-023
  9.5424499e+002  1.7161084e-023
  9.5644548e+002  1.7225337e-023
  9.5865105e+002  1.7289760e-023
  9.6086171e+002  1.7354353e-023
  9.6307746e+002  1.7419115e-023
  9.6529833e+002  1.7484047e-023
  9.6752431e+002  1.7549148e-023
  9.6975543e+002  1.7614421e-023
  9.7199169e+002  1.7679863e-023
  9.7423312e+002  1.7745476e-023
  9.7647970e+002  1.7811260e-023
  9.7873147e+002  1.7877215e-023
  9.8098844e+002  1.7943341e-023
  9.8325060e+002  1.8009639e-023
  9.8551799e+002  1.8076108e-023
  9.8779060e+002  1.8142748e-023
  9.9006845e+002  1.8209561e-023
  9.9235156e+002  1.8276545e-023
  9.9463993e+002  1.8343702e-023
  9.9693357e+002  1.8411031e-023
  9.9923251e+002  1.8478533e-023
  1.0015367e+003  1.8546208e-023
  1.0038463e+003  1.8614056e-023
  1.0061612e+003  1.8682077e-023
  1.0084814e+003  1.8750271e-023
  1.0108070e+003  1.8818639e-023
  1.0131379e+003  1.8887181e-023
  1.0154742e+003  1.8955897e-023
  1.0178159e+003  1.9024786e-023
  1.0201630e+003  1.9093851e-023
  1.0225155e+003  1.9163089e-023
  1.0248734e+003  1.9232503e-023
  1.0272368e+003  1.9302091e-023
  1.0296056e+003  1.9371855e-023
  1.0319799e+003  1.9441794e-023
  1.0343596e+003  1.9511908e-023
  1.0367449e+003  1.9582198e-023
  1.0391356e+003  1.9652664e-023
  1.0415319e+003  1.9723307e-023
  1.0439336e+003  1.9794125e-023
  1.0463410e+003  1.9865120e-023
  1.0487538e+003  1.9936292e-023
  1.0511723e+003  2.0007640e-023
  1.0535963e+003  2.0079166e-023
  1.0560259e+003  2.0150869e-023
  1.0584611e+003  2.0222750e-023
  1.0609019e+003  2.0294808e-023
  1.0633483e+003  2.0367044e-023
  1.0658004e+003  2.0439458e-023
  1.0682582e+003  2.0512051e-023
  1.0707216e+003  2.0584822e-023
  1.0731907e+003  2.0657772e-023
  1.0756655e+003  2.0730901e-023
  1.0781460e+003  2.0804209e-023
  1.0806322e+003  2.0877696e-023
  1.0831241e+003  2.0951363e-023
  1.0856218e+003  2.1025210e-023
  1.0881253e+003  2.1099237e-023
  1.0906345e+003  2.1173444e-023
  1.0931495e+003  2.1247831e-023
  1.0956703e+003  2.1322399e-023
  1.0981969e+003  2.1397148e-023
  1.1007294e+003  2.1472078e-023
  1.1032677e+003  2.1547189e-023
  1.1058118e+003  2.1622482e-023
  1.1083618e+003  2.1697956e-023
  1.1109177e+003  2.1773612e-023
  1.1134795e+003  2.1849450e-023
  1.1160472e+003  2.1925471e-023
  1.1186208e+003  2.2001675e-023
  1.1212004e+003  2.2078061e-023
  1.1237859e+003  2.2154630e-023
  1.1263773e+003  2.2231382e-023
  1.1289747e+003  2.2308318e-023
  1.1315782e+003  2.2385437e-023
  1.1341876e+003  2.2462741e-023
  1.1368030e+003  2.2540228e-023
  1.1394245e+003  2.2617900e-023
  1.1420520e+003  2.2695757e-023
  1.1446856e+003  2.2773798e-023
  1.1473253e+003  2.2852024e-023
  1.1499710e+003  2.2930436e-023
  1.1526229e+003  2.3009033e-023
  1.1552808e+003  2.3087815e-023
  1.1579449e+003  2.3166784e-023
  1.1606151e+003  2.3245939e-023
  1.1632915e+003  2.3325280e-023
  1.1659741e+003  2.3404808e-023
  1.1686628e+003  2.3484523e-023
  1.1713578e+003  2.3564425e-023
  1.1740589e+003  2.3644514e-023
  1.1767663e+003  2.3724791e-023
  1.1794800e+003  2.3805256e-023
  1.1821998e+003  2.3885909e-023
  1.1849260e+003  2.3966750e-023
  1.1876585e+003  2.4047779e-023
  1.1903972e+003  2.4128998e-023
  1.1931423e+003  2.4210405e-023
  1.1958937e+003  2.4292002e-023
  1.1986514e+003  2.4373788e-023
  1.2014155e+003  2.4455765e-023
  1.2041860e+003  2.4537931e-023
  1.2069628e+003  2.4620287e-023
  1.2097461e+003  2.4702834e-023
  1.2125358e+003  2.4785572e-023
  1.2153319e+003  2.4868500e-023
  1.2181345e+003  2.4951620e-023
  1.2209435e+003  2.5034932e-023
  1.2237590e+003  2.5118435e-023
  1.2265810e+003  2.5202131e-023
  1.2294095e+003  2.5286018e-023
  1.2322445e+003  2.5370099e-023
  1.2350861e+003  2.5454372e-023
  1.2379342e+003  2.5538839e-023
  1.2407889e+003  2.5623499e-023
  1.2436502e+003  2.5708354e-023
  1.2465180e+003  2.5793404e-023
  1.2493925e+003  2.5878653e-023
  1.2522736e+003  2.5964106e-023
  1.2551614e+003  2.6049805e-023
  1.2580558e+003  2.6136675e-023
  1.2609569e+003  2.6222206e-023
  1.2638646e+003  2.6307843e-023
  1.2667791e+003  2.6394199e-023
  1.2697003e+003  2.6480790e-023
  1.2726283e+003  2.6567587e-023
  1.2755630e+003  2.6654583e-023
  1.2785044e+003  2.6741777e-023
  1.2814527e+003  2.6829169e-023
  1.2844077e+003  2.6916759e-023
  1.2873696e+003  2.7004547e-023
  1.2903382e+003  2.7092532e-023
  1.2933138e+003  2.7180716e-023
  1.2962962e+003  2.7269098e-023
  1.2992854e+003  2.7357680e-023
  1.3022816e+003  2.7446460e-023
  1.3052847e+003  2.7535439e-023
  1.3082947e+003  2.7624618e-023
  1.3113116e+003  2.7713997e-023
  1.3143355e+003  2.7803576e-023
  1.3173664e+003  2.7893356e-023
  1.3204042e+003  2.7983336e-023
  1.3234491e+003  2.8073517e-023
  1.3265010e+003  2.8163900e-023
  1.3295599e+003  2.8254484e-023
  1.3326259e+003  2.8345270e-023
  1.3356989e+003  2.8436258e-023
  1.3387790e+003  2.8527449e-023
  1.3418663e+003  2.8618842e-023
  1.3449606e+003  2.8710439e-023
  1.3480621e+003  2.8802239e-023
  1.3511708e+003  2.8894243e-023
  1.3542866e+003  2.8986450e-023
  1.3574096e+003  2.9078862e-023
  1.3605398e+003  2.9171479e-023
  1.3636772e+003  2.9264300e-023
  1.3668218e+003  2.9357326e-023
  1.3699737e+003  2.9450558e-023
  1.3731329e+003  2.9543996e-023
  1.3762993e+003  2.9637640e-023
  1.3794731e+003  2.9731491e-023
  1.3826542e+003  2.9825548e-023
  1.3858426e+003  2.9919812e-023
  1.3890384e+003  3.0014284e-023
  1.3922415e+003  3.0108963e-023
  1.3954520e+003  3.0203851e-023
  1.3986699e+003  3.0298947e-023
  1.4018953e+003  3.0394251e-023
  1.4051281e+003  3.0489764e-023
  1.4083683e+003  3.0585487e-023
  1.4116160e+003  3.0681420e-023
  1.4148712e+003  3.0777562e-023
  1.4181339e+003  3.0873915e-023
  1.4214041e+003  3.0970478e-023
  1.4246819e+003  3.1067252e-023
  1.4279672e+003  3.1164238e-023
  1.4312601e+003  3.1261435e-023
  1.4345606e+003  3.1358844e-023
  1.4378687e+003  3.1456465e-023
  1.4411845e+003  3.1554299e-023
  1.4445079e+003  3.1652346e-023
  1.4478389e+003  3.1750607e-023
  1.4511776e+003  3.1849081e-023
  1.4545241e+003  3.1947769e-023
  1.4578782e+003  3.2046671e-023
  1.4612401e+003  3.2145788e-023
  1.4646097e+003  3.2245120e-023
  1.4679871e+003  3.2344668e-023
  1.4713723e+003  3.2444431e-023
  1.4747653e+003  3.2544410e-023
  1.4781661e+003  3.2644606e-023
  1.4815748e+003  3.2745018e-023
  1.4849913e+003  3.2845648e-023
  1.4884157e+003  3.2946495e-023
  1.4918480e+003  3.3047561e-023
  1.4952882e+003  3.3148844e-023
  1.4987364e+003  3.3250346e-023
  1.5021925e+003  3.3352067e-023
  1.5056565e+003  3.3454007e-023
  1.5091286e+003  3.3556167e-023
  1.5126086e+003  3.3658547e-023
  1.5160967e+003  3.3761147e-023
  1.5195929e+003  3.3863969e-023
  1.5230970e+003  3.3967011e-023
  1.5266093e+003  3.4070275e-023
  1.5301297e+003  3.4173761e-023
  1.5336582e+003  3.4277469e-023
  1.5371948e+003  3.4381400e-023
  1.5407396e+003  3.4485554e-023
  1.5442926e+003  3.4589932e-023
  1.5478537e+003  3.4694533e-023
  1.5514231e+003  3.4799359e-023
  1.5550007e+003  3.4904409e-023
  1.5585865e+003  3.5009684e-023
  1.5621806e+003  3.5115184e-023
  1.5657830e+003  3.5220910e-023
  1.5693937e+003  3.5326863e-023
  1.5730128e+003  3.5433042e-023
  1.5766401e+003  3.5539448e-023
  1.5802759e+003  3.5646081e-023
  1.5839200e+003  3.5752942e-023
  1.5875725e+003  3.5860031e-023
  1.5912335e+003  3.5967349e-023
  1.5949029e+003  3.6074896e-023
  1.5985807e+003  3.6182672e-023
  1.6022671e+003  3.6290678e-023
  1.6059619e+003  3.6398914e-023
  1.6096653e+003  3.6507380e-023
  1.6133772e+003  3.6616078e-023
  1.6170976e+003  3.6725007e-023
  1.6208267e+003  3.6834168e-023
  1.6245643e+003  3.6943561e-023
  1.6283106e+003  3.7053187e-023
  1.6320655e+003  3.7163046e-023
  1.6358290e+003  3.7273138e-023
  1.6396013e+003  3.7383465e-023
  1.6433822e+003  3.7494025e-023
  1.6471719e+003  3.7604821e-023
  1.6509702e+003  3.7715852e-023
  1.6547774e+003  3.7827118e-023
  1.6585933e+003  3.7938621e-023
  1.6624181e+003  3.8050360e-023
  1.6662516e+003  3.8162337e-023
  1.6700940e+003  3.8274553e-023
  1.6739452e+003  3.8387015e-023
  1.6778054e+003  3.8499944e-023
  1.6816744e+003  3.8612677e-023
  1.6855524e+003  3.8725793e-023
  1.6894393e+003  3.8839194e-023
  1.6933351e+003  3.8952838e-023
  1.6972400e+003  3.9066725e-023
  1.7011538e+003  3.9180853e-023
  1.7050767e+003  3.9295222e-023
  1.7090086e+003  3.9409833e-023
  1.7129496e+003  3.9524687e-023
  1.7168997e+003  3.9639783e-023
  1.7208588e+003  3.9755123e-023
  1.7248272e+003  3.9870706e-023
  1.7288046e+003  3.9986533e-023
  1.7327913e+003  4.0102605e-023
  1.7367871e+003  4.0218922e-023
  1.7407921e+003  4.0335485e-023
  1.7448064e+003  4.0452293e-023
  1.7488300e+003  4.0569348e-023
  1.7528628e+003  4.0686650e-023
  1.7569049e+003  4.0804199e-023
  1.7609563e+003  4.0921997e-023
  1.7650171e+003  4.1040042e-023
  1.7690872e+003  4.1158337e-023
  1.7731668e+003  4.1276880e-023
  1.7772557e+003  4.1395674e-023
  1.7813541e+003  4.1514718e-023
  1.7854619e+003  4.1634013e-023
  1.7895792e+003  4.1753558e-023
  1.7937060e+003  4.1873356e-023
  1.7978423e+003  4.1993406e-023
  1.8019881e+003  4.2113709e-023
  1.8061435e+003  4.2234265e-023
  1.8103085e+003  4.2355074e-023
  1.8144831e+003  4.2476138e-023
  1.8186673e+003  4.2597457e-023
  1.8228611e+003  4.2719031e-023
  1.8270647e+003  4.2840860e-023
  1.8312779e+003  4.2962946e-023
  1.8355008e+003  4.3085288e-023
  1.8397335e+003  4.3207888e-023
  1.8439759e+003  4.3330746e-023
  1.8482282e+003  4.3453862e-023
  1.8524902e+003  4.3577237e-023
  1.8567621e+003  4.3700871e-023
  1.8610438e+003  4.3824765e-023
  1.8653353e+003  4.3948919e-023
  1.8696368e+003  4.4073334e-023
  1.8739482e+003  4.4198010e-023
  1.8782696e+003  4.4322949e-023
  1.8826009e+003  4.4448150e-023
  1.8869422e+003  4.4573614e-023
  1.8912935e+003  4.4699341e-023
  1.8956548e+003  4.4825333e-023
  1.9000262e+003  4.4951589e-023
  1.9044077e+003  4.5078110e-023
  1.9087992e+003  4.5204897e-023
  1.9132009e+003  4.5331950e-023
  1.9176128e+003  4.5459270e-023
  1.9220348e+003  4.5586857e-023
  1.9264671e+003  4.5714712e-023
  1.9309095e+003  4.5842836e-023
  1.9353622e+003  4.5971228e-023
  1.9398252e+003  4.6099890e-023
  1.9442984e+003  4.6228822e-023
  1.9487820e+003  4.6358025e-023
  1.9532759e+003  4.6487498e-023
  1.9577802e+003  4.6617244e-023
  1.9622948e+003  4.6747262e-023
  1.9668199e+003  4.6877552e-023
  1.9713554e+003  4.7008116e-023
  1.9759013e+003  4.7138954e-023
  1.9804578e+003  4.7270067e-023
  1.9850247e+003  4.7401455e-023
  1.9896022e+003  4.7533118e-023
  1.9941903e+003  4.7665058e-023
  1.9987889e+003  4.7797274e-023
  2.0033981e+003  4.7929768e-023
  2.0080179e+003  4.8062541e-023
  2.0126484e+003  4.8195591e-023
  2.0172896e+003  4.8328921e-023
  2.0219415e+003  4.8462531e-023
  2.0266041e+003  4.8596420e-023
  2.0312775e+003  4.8730591e-023
  2.0359616e+003  4.8865044e-023
  2.0406566e+003  4.8999778e-023
  2.0453623e+003  4.9134796e-023
  2.0500790e+003  4.9270096e-023
  2.0548065e+003  4.9405681e-023
  2.0595449e+003  4.9541550e-023
  2.0642942e+003  4.9677705e-023
  2.0690545e+003  4.9814145e-023
  2.0738257e+003  4.9950871e-023
  2.0786080e+003  5.0087885e-023
  2.0834013e+003  5.0225186e-023
  2.0882056e+003  5.0362776e-023
  2.0930210e+003  5.0500656e-023
  2.0978475e+003  5.0638957e-023
  2.1026852e+003  5.0777286e-023
  2.1075340e+003  5.0916027e-023
  2.1123940e+003  5.1055065e-023
  2.1172652e+003  5.1194396e-023
  2.1221476e+003  5.1334020e-023
  2.1270413e+003  5.1473937e-023
  2.1319463e+003  5.1614148e-023
  2.1368626e+003  5.1754653e-023
  2.1417902e+003  5.1895454e-023
  2.1467292e+003  5.2036550e-023
  2.1516796e+003  5.2177942e-023
  2.1566413e+003  5.2319632e-023
  2.1616146e+003  5.2461619e-023
  2.1665993e+003  5.2603905e-023
  2.1715955e+003  5.2746489e-023
  2.1766032e+003  5.2889373e-023
  2.1816224e+003  5.3032558e-023
  2.1866533e+003  5.3176043e-023
  2.1916957e+003  5.3319830e-023
  2.1967498e+003  5.3463919e-023
  2.2018155e+003  5.3608310e-023
  2.2068929e+003  5.3753006e-023
  2.2119820e+003  5.3898006e-023
  2.2170829e+003  5.4043310e-023
  2.2221955e+003  5.4188920e-023
  2.2273199e+003  5.4334836e-023
  2.2324561e+003  5.4481060e-023
  2.2376042e+003  5.4627590e-023
  2.2427641e+003  5.4774429e-023
  2.2479359e+003  5.4921577e-023
  2.2531197e+003  5.5069035e-023
  2.2583154e+003  5.5216803e-023
  2.2635231e+003  5.5364881e-023
  2.2687428e+003  5.5513272e-023
  2.2739745e+003  5.5661975e-023
  2.2792183e+003  5.5810991e-023
  2.2844742e+003  5.5960320e-023
  2.2897422e+003  5.6109964e-023
  2.2950224e+003  5.6259923e-023
  2.3003147e+003  5.6410198e-023
  2.3056193e+003  5.6560790e-023
  2.3109361e+003  5.6711699e-023
  2.3162651e+003  5.6862925e-023
  2.3216064e+003  5.7014471e-023
  2.3269601e+003  5.7166335e-023
  2.3323261e+003  5.7318520e-023
  2.3377044e+003  5.7471026e-023
  2.3430952e+003  5.7623853e-023
  2.3484984e+003  5.7777002e-023
  2.3539140e+003  5.7930475e-023
  2.3593422e+003  5.8084270e-023
  2.3647828e+003  5.8238391e-023
  2.3702360e+003  5.8392836e-023
  2.3757018e+003  5.8547608e-023
  2.3811802e+003  5.8702706e-023
  2.3866712e+003  5.8858131e-023
  2.3921749e+003  5.9013884e-023
  2.3976913e+003  5.9169966e-023
  2.4032204e+003  5.9326378e-023
  2.4087622e+003  5.9483120e-023
  2.4143168e+003  5.9640193e-023
  2.4198843e+003  5.9797598e-023
  2.4254646e+003  5.9955335e-023
  2.4310577e+003  6.0113405e-023
  2.4366637e+003  6.0271810e-023
  2.4422827e+003  6.0430549e-023
  2.4479146e+003  6.0589624e-023
  2.4535595e+003  6.0749035e-023
  2.4592175e+003  6.0908784e-023
  2.4648884e+003  6.1068870e-023
  2.4705725e+003  6.1229294e-023
  2.4762696e+003  6.1390058e-023
  2.4819799e+003  6.1551162e-023
  2.4877034e+003  6.1712608e-023
  2.4934401e+003  6.1874394e-023
  2.4991900e+003  6.2036524e-023
  2.5049531e+003  6.2198996e-023
  2.5107295e+003  6.2361813e-023
  2.5165193e+003  6.2524987e-023
  2.5223224e+003  6.2688485e-023
  2.5281389e+003  6.2852334e-023
  2.5339688e+003  6.3016534e-023
  2.5398122e+003  6.3181083e-023
  2.5456690e+003  6.3345980e-023
  2.5515393e+003  6.3511227e-023
  2.5574232e+003  6.3676824e-023
  2.5633206e+003  6.3842772e-023
  2.5692317e+003  6.4009072e-023
  2.5751563e+003  6.4175725e-023
  2.5810947e+003  6.4342731e-023
  2.5870467e+003  6.4510092e-023
  2.5930124e+003  6.4677809e-023
  2.5989920e+003  6.4845881e-023
  2.6049852e+003  6.5014310e-023
  2.6109924e+003  6.5183096e-023
  2.6170133e+003  6.5352241e-023
  2.6230482e+003  6.5521746e-023
  2.6290970e+003  6.5691610e-023
  2.6351597e+003  6.5861836e-023
  2.6412364e+003  6.6032423e-023
  2.6473271e+003  6.6203373e-023
  2.6534318e+003  6.6374687e-023
  2.6595507e+003  6.6546364e-023
  2.6656836e+003  6.6718407e-023
  2.6718307e+003  6.6890816e-023
  2.6779920e+003  6.7063592e-023
  2.6841674e+003  6.7236735e-023
  2.6903571e+003  6.7410247e-023
  2.6965611e+003  6.7584128e-023
  2.7027794e+003  6.7758380e-023
  2.7090121e+003  6.7933002e-023
  2.7152591e+003  6.8107997e-023
  2.7215205e+003  6.8283364e-023
  2.7277963e+003  6.8459105e-023
  2.7340866e+003  6.8635220e-023
  2.7403915e+003  6.8811711e-023
  2.7467108e+003  6.8988578e-023
  2.7530448e+003  6.9165823e-023
  2.7593933e+003  6.9343445e-023
  2.7657565e+003  6.9521446e-023
  2.7721343e+003  6.9699827e-023
  2.7785269e+003  6.9878589e-023
  2.7849342e+003  7.0057732e-023
  2.7913563e+003  7.0237258e-023
  2.7977932e+003  7.0417167e-023
  2.8042449e+003  7.0597460e-023
  2.8107115e+003  7.0778138e-023
  2.8171930e+003  7.0959203e-023
  2.8236895e+003  7.1140654e-023
  2.8302010e+003  7.1322493e-023
  2.8367274e+003  7.1504721e-023
  2.8432689e+003  7.1687338e-023
  2.8498255e+003  7.1870346e-023
  2.8563972e+003  7.2053745e-023
  2.8629841e+003  7.2237537e-023
  2.8695862e+003  7.2421722e-023
  2.8762035e+003  7.2606301e-023
  2.8828360e+003  7.2791275e-023
  2.8894839e+003  7.2976645e-023
  2.8961470e+003  7.3162412e-023
  2.9028256e+003  7.3348577e-023
  2.9095195e+003  7.3535141e-023
  2.9162289e+003  7.3722105e-023
  2.9229537e+003  7.3909469e-023
  2.9296941e+003  7.4097235e-023
  2.9364500e+003  7.4285411e-023
  2.9432215e+003  7.4473976e-023
  2.9500085e+003  7.4662952e-023
  2.9568113e+003  7.4852333e-023
  2.9636297e+003  7.5042121e-023
  2.9704639e+003  7.5232317e-023
  2.9773138e+003  7.5422920e-023
  2.9841795e+003  7.5613933e-023
  2.9910610e+003  7.5805356e-023
  2.9979584e+003  7.5997190e-023
  3.0048718e+003  7.6189436e-023
  3.0118010e+003  7.6382095e-023
  3.0187463e+003  7.6575168e-023
  3.0257075e+003  7.6768657e-023
  3.0326848e+003  7.6962561e-023
  3.0396782e+003  7.7156882e-023
  3.0466877e+003  7.7351621e-023
  3.0537134e+003  7.7546778e-023
  3.0607553e+003  7.7742356e-023
  3.0678134e+003  7.7938355e-023
  3.0748878e+003  7.8134775e-023
  3.0819785e+003  7.8331619e-023
  3.0890856e+003  7.8528886e-023
  3.0962091e+003  7.8726578e-023
  3.1033489e+003  7.8924696e-023
  3.1105053e+003  7.9123240e-023
  3.1176781e+003  7.9322213e-023
  3.1248675e+003  7.9521614e-023
  3.1320735e+003  7.9721445e-023
  3.1392961e+003  7.9921708e-023
  3.1465353e+003  8.0122402e-023
  3.1537913e+003  8.0323528e-023
  3.1610639e+003  8.0525089e-023
  3.1683534e+003  8.0727085e-023
  3.1756596e+003  8.0929517e-023
  3.1829827e+003  8.1132386e-023
  3.1903227e+003  8.1335692e-023
  3.1976796e+003  8.1539438e-023
  3.2050535e+003  8.1743624e-023
  3.2124443e+003  8.1948251e-023
  3.2198523e+003  8.2153320e-023
  3.2272773e+003  8.2358833e-023
  3.2347194e+003  8.2564789e-023
  3.2421787e+003  8.2771191e-023
  3.2496552e+003  8.2978040e-023
  3.2571489e+003  8.3185336e-023
  3.2646599e+003  8.3393080e-023
  3.2721882e+003  8.3601274e-023
  3.2797339e+003  8.3809918e-023
  3.2872970e+003  8.4019014e-023
  3.2948776e+003  8.4228563e-023
  3.3024756e+003  8.4438565e-023
  3.3100911e+003  8.4649023e-023
  3.3177242e+003  8.4859936e-023
  3.3253749e+003  8.5071306e-023
  3.3330432e+003  8.5283135e-023
  3.3407293e+003  8.5495422e-023
  3.3484330e+003  8.5708170e-023
  3.3561545e+003  8.5921383e-023
  3.3638938e+003  8.6135051e-023
  3.3716510e+003  8.6349186e-023
  3.3794261e+003  8.6563786e-023
  3.3872190e+003  8.6778851e-023
  3.3950300e+003  8.6994384e-023
  3.4028590e+003  8.7210384e-023
  3.4107060e+003  8.7426853e-023
  3.4185711e+003  8.7643792e-023
  3.4264543e+003  8.7861203e-023
  3.4343558e+003  8.8079086e-023
  3.4422754e+003  8.8297443e-023
  3.4502133e+003  8.8516274e-023
  3.4581695e+003  8.8735581e-023
  3.4661441e+003  8.8955364e-023
  3.4741371e+003  8.9175626e-023
  3.4821485e+003  8.9396367e-023
  3.4901783e+003  8.9617588e-023
  3.4982267e+003  8.9839290e-023
  3.5062936e+003  9.0061475e-023
  3.5143792e+003  9.0284144e-023
  3.5224834e+003  9.0507297e-023
  3.5306062e+003  9.0730937e-023
  3.5387478e+003  9.0955063e-023
  3.5469082e+003  9.1179678e-023
  3.5550874e+003  9.1404782e-023
  3.5632855e+003  9.1630377e-023
  3.5715024e+003  9.1856464e-023
  3.5797383e+003  9.2083043e-023
  3.5879932e+003  9.2310117e-023
  3.5962672e+003  9.2537685e-023
  3.6045602e+003  9.2765750e-023
  3.6128724e+003  9.2994313e-023
  3.6212037e+003  9.3223375e-023
  3.6295542e+003  9.3452936e-023
  3.6379240e+003  9.3682999e-023
  3.6463130e+003  9.3913564e-023
  3.6547215e+003  9.4144632e-023
  3.6631493e+003  9.4376205e-023
  3.6715965e+003  9.4608284e-023
  3.6800633e+003  9.4840870e-023
  3.6885495e+003  9.5073965e-023
  3.6970553e+003  9.5307569e-023
  3.7055808e+003  9.5541683e-023
  3.7141259e+003  9.5776310e-023
  3.7226907e+003  9.6011450e-023
  3.7312752e+003  9.6247104e-023
  3.7398796e+003  9.6483273e-023
  3.7485038e+003  9.6719960e-023
  3.7571479e+003  9.6957164e-023
  3.7658119e+003  9.7194888e-023
  3.7744959e+003  9.7433133e-023
  3.7831999e+003  9.7671898e-023
  3.7919240e+003  9.7911187e-023
  3.8006682e+003  9.8151000e-023
  3.8094325e+003  9.8391338e-023
  3.8182171e+003  9.8632203e-023
  3.8270220e+003  9.8873596e-023
  3.8358471e+003  9.9115519e-023
  3.8446926e+003  9.9357971e-023
  3.8535585e+003  9.9600956e-023
  3.8624448e+003  9.9844473e-023
  3.8713516e+003  1.0008852e-022
  3.8802790e+003  1.0033311e-022
  3.8892270e+003  1.0057824e-022
  3.8981955e+003  1.0082390e-022
  3.9071848e+003  1.0107010e-022
  3.9161948e+003  1.0131684e-022
  3.9252256e+003  1.0156412e-022
  3.9342772e+003  1.0181195e-022
  3.9433497e+003  1.0206032e-022
  3.9524431e+003  1.0230924e-022
  3.9615574e+003  1.0255870e-022
  3.9706928e+003  1.0280871e-022
  3.9798493e+003  1.0305927e-022
  3.9890268e+003  1.0331039e-022
  3.9982255e+003  1.0356205e-022
  4.0074455e+003  1.0381427e-022
  4.0166867e+003  1.0406704e-022
  4.0259492e+003  1.0432037e-022
  4.0352331e+003  1.0457426e-022
  4.0445383e+003  1.0482870e-022
  4.0538651e+003  1.0508371e-022
  4.0632133e+003  1.0533928e-022
  4.0725831e+003  1.0559541e-022
  4.0819745e+003  1.0585210e-022
  4.0913876e+003  1.0610936e-022
  4.1008224e+003  1.0636719e-022
  4.1102789e+003  1.0662558e-022
  4.1197572e+003  1.0688455e-022
  4.1292574e+003  1.0714408e-022
  4.1387795e+003  1.0740419e-022
  4.1483236e+003  1.0766487e-022
  4.1578896e+003  1.0792612e-022
  4.1674778e+003  1.0818795e-022
  4.1770880e+003  1.0845036e-022
  4.1867204e+003  1.0871335e-022
  4.1963750e+003  1.0897692e-022
  4.2060519e+003  1.0924107e-022
  4.2157511e+003  1.0950580e-022
  4.2254726e+003  1.0977112e-022
  4.2352166e+003  1.1003702e-022
  4.2449830e+003  1.1030352e-022
  4.2547720e+003  1.1057060e-022
  4.2645835e+003  1.1083827e-022
  4.2744177e+003  1.1110653e-022
  4.2842745e+003  1.1137538e-022
  4.2941541e+003  1.1164483e-022
  4.3040565e+003  1.1191487e-022
  4.3139816e+003  1.1218551e-022
  4.3239297e+003  1.1245675e-022
  4.3339007e+003  1.1272859e-022
  4.3438947e+003  1.1300103e-022
  4.3539118e+003  1.1327408e-022
  4.3639519e+003  1.1354772e-022
  4.3740153e+003  1.1382198e-022
  4.3841018e+003  1.1409684e-022
  4.3942115e+003  1.1437231e-022
  4.4043446e+003  1.1464839e-022
  4.4145011e+003  1.1492508e-022
  4.4246810e+003  1.1520238e-022
  4.4348843e+003  1.1548030e-022
  4.4451112e+003  1.1575883e-022
  4.4553616e+003  1.1603798e-022
  4.4656357e+003  1.1631775e-022
  4.4759335e+003  1.1659814e-022
  4.4862551e+003  1.1687915e-022
  4.4966004e+003  1.1716078e-022
  4.5069696e+003  1.1744304e-022
  4.5173627e+003  1.1772592e-022
  4.5277798e+003  1.1800944e-022
  4.5382209e+003  1.1829358e-022
  4.5486860e+003  1.1857835e-022
  4.5591753e+003  1.1886375e-022
  4.5696888e+003  1.1914979e-022
  4.5802266e+003  1.1943646e-022
  4.5907886e+003  1.1972377e-022
  4.6013750e+003  1.2001171e-022
  4.6119858e+003  1.2030030e-022
  4.6226211e+003  1.2058952e-022
  4.6332809e+003  1.2087939e-022
  4.6439653e+003  1.2116991e-022
  4.6546743e+003  1.2146106e-022
  4.6654080e+003  1.2175287e-022
  4.6761665e+003  1.2204532e-022
  4.6869497e+003  1.2233843e-022
  4.6977579e+003  1.2263218e-022
  4.7085910e+003  1.2292659e-022
  4.7194490e+003  1.2322166e-022
  4.7303321e+003  1.2351738e-022
  4.7412403e+003  1.2381375e-022
  4.7521736e+003  1.2411079e-022
  4.7631321e+003  1.2440849e-022
  4.7741160e+003  1.2470685e-022
  4.7851251e+003  1.2500588e-022
  4.7961597e+003  1.2530557e-022
  4.8072196e+003  1.2560593e-022
  4.8183051e+003  1.2590695e-022
  4.8294162e+003  1.2620865e-022
  4.8405528e+003  1.2651102e-022
  4.8517152e+003  1.2681406e-022
  4.8629033e+003  1.2711778e-022
  4.8741172e+003  1.2742217e-022
  4.8853569e+003  1.2772725e-022
  4.8966226e+003  1.2803300e-022
  4.9079142e+003  1.2833943e-022
  4.9192319e+003  1.2864655e-022
  4.9305757e+003  1.2895436e-022
  4.9419457e+003  1.2926284e-022
  4.9533418e+003  1.2957202e-022
  4.9647643e+003  1.2988189e-022
  4.9762131e+003  1.3019245e-022
  4.9876882e+003  1.3050370e-022
  4.9991899e+003  1.3081564e-022
  5.0107181e+003  1.3112828e-022
  5.0222728e+003  1.3144162e-022
  5.0338542e+003  1.3175566e-022
  5.0454623e+003  1.3207040e-022
  5.0570972e+003  1.3238585e-022
  5.0687589e+003  1.3270199e-022
  5.0804475e+003  1.3301885e-022
  5.0921630e+003  1.3333641e-022
  5.1039056e+003  1.3365468e-022
  5.1156753e+003  1.3397366e-022
  5.1274720e+003  1.3429336e-022
  5.1392960e+003  1.3461377e-022
  5.1511473e+003  1.3493489e-022
  5.1630259e+003  1.3525674e-022
  5.1749319e+003  1.3557930e-022
  5.1868653e+003  1.3590258e-022
  5.1988262e+003  1.3622659e-022
  5.2108148e+003  1.3655132e-022
  5.2228309e+003  1.3687678e-022
  5.2348748e+003  1.3720297e-022
  5.2469465e+003  1.3752989e-022
  5.2590460e+003  1.3785753e-022
  5.2711734e+003  1.3818592e-022
  5.2833288e+003  1.3851503e-022
  5.2955122e+003  1.3884488e-022
  5.3077236e+003  1.3917548e-022
  5.3199633e+003  1.3950681e-022
  5.3322312e+003  1.3983888e-022
  5.3445273e+003  1.4017170e-022
  5.3568519e+003  1.4050526e-022
  5.3692048e+003  1.4083957e-022
  5.3815862e+003  1.4117463e-022
  5.3939962e+003  1.4151044e-022
  5.4064348e+003  1.4184700e-022
  5.4189021e+003  1.4218432e-022
  5.4313981e+003  1.4252239e-022
  5.4439230e+003  1.4286122e-022
  5.4564767e+003  1.4320082e-022
  5.4690594e+003  1.4354117e-022
  5.4816711e+003  1.4388228e-022
  5.4943118e+003  1.4422416e-022
  5.5069818e+003  1.4456681e-022
  5.5196809e+003  1.4491022e-022
  5.5324093e+003  1.4525441e-022
  5.5451671e+003  1.4559937e-022
  5.5579543e+003  1.4594510e-022
  5.5707710e+003  1.4629161e-022
  5.5836172e+003  1.4663889e-022
  5.5964931e+003  1.4698696e-022
  5.6093986e+003  1.4733581e-022
  5.6223340e+003  1.4768544e-022
  5.6352991e+003  1.4803585e-022
  5.6482942e+003  1.4838705e-022
  5.6613192e+003  1.4873905e-022
  5.6743742e+003  1.4909183e-022
  5.6874594e+003  1.4944540e-022
  5.7005747e+003  1.4979977e-022
  5.7137202e+003  1.5015493e-022
  5.7268961e+003  1.5051090e-022
  5.7401024e+003  1.5086766e-022
  5.7533391e+003  1.5122523e-022
  5.7666064e+003  1.5158359e-022
  5.7799042e+003  1.5194277e-022
  5.7932327e+003  1.5230275e-022
  5.8065919e+003  1.5266354e-022
  5.8199820e+003  1.5302514e-022
  5.8334029e+003  1.5338756e-022
  5.8468548e+003  1.5375079e-022
  5.8603377e+003  1.5411484e-022
  5.8738517e+003  1.5447971e-022
  5.8873968e+003  1.5484539e-022
  5.9009732e+003  1.5521191e-022
  5.9145809e+003  1.5557924e-022
  5.9282199e+003  1.5594740e-022
  5.9418905e+003  1.5631640e-022
  5.9555925e+003  1.5668622e-022
  5.9693262e+003  1.5705687e-022
  5.9830915e+003  1.5742836e-022
  5.9968885e+003  1.5780069e-022
  6.0107174e+003  1.5817385e-022
  6.0245781e+003  1.5854786e-022
  6.0384709e+003  1.5892270e-022
  6.0523956e+003  1.5929839e-022
  6.0663525e+003  1.5967493e-022
  6.0803416e+003  1.6005232e-022
  6.0943629e+003  1.6043056e-022
  6.1084165e+003  1.6080964e-022
  6.1225026e+003  1.6118959e-022
  6.1366211e+003  1.6157039e-022
  6.1507722e+003  1.6195205e-022
  6.1649559e+003  1.6233457e-022
  6.1791724e+003  1.6271795e-022
  6.1934216e+003  1.6310219e-022
  6.2077037e+003  1.6348730e-022
  6.2220187e+003  1.6387328e-022
  6.2363667e+003  1.6426014e-022
  6.2507478e+003  1.6464786e-022
  6.2651621e+003  1.6503646e-022
  6.2796096e+003  1.6542593e-022
  6.2940904e+003  1.6581629e-022
  6.3086046e+003  1.6620752e-022
  6.3231523e+003  1.6659964e-022
  6.3377336e+003  1.6699264e-022
  6.3523484e+003  1.6738653e-022
  6.3669970e+003  1.6778131e-022
  6.3816793e+003  1.6817698e-022
  6.3963955e+003  1.6857355e-022
  6.4111457e+003  1.6897101e-022
  6.4259298e+003  1.6936936e-022
  6.4407481e+003  1.6976862e-022
  6.4556005e+003  1.7016878e-022
  6.4704871e+003  1.7056984e-022
  6.4854081e+003  1.7097181e-022
  6.5003635e+003  1.7137468e-022
  6.5153534e+003  1.7177847e-022
  6.5303779e+003  1.7218317e-022
  6.5454370e+003  1.7258878e-022
  6.5605308e+003  1.7299531e-022
  6.5756594e+003  1.7340276e-022
  6.5908230e+003  1.7381113e-022
  6.6060215e+003  1.7422042e-022
  6.6212550e+003  1.7463064e-022
  6.6365237e+003  1.7504178e-022
  6.6518275e+003  1.7545386e-022
  6.6671667e+003  1.7586687e-022
  6.6825412e+003  1.7628081e-022
  6.6979512e+003  1.7669568e-022
  6.7133968e+003  1.7711150e-022
  6.7288779e+003  1.7752826e-022
  6.7443947e+003  1.7794595e-022
  6.7599474e+003  1.7836460e-022
  6.7755359e+003  1.7878419e-022
  6.7911603e+003  1.7920473e-022
  6.8068208e+003  1.7962622e-022
  6.8225173e+003  1.8004867e-022
  6.8382501e+003  1.8047207e-022
  6.8540192e+003  1.8089643e-022
  6.8698246e+003  1.8132175e-022
  6.8856665e+003  1.8174804e-022
  6.9015449e+003  1.8217528e-022
  6.9174599e+003  1.8260350e-022
  6.9334116e+003  1.8303269e-022
  6.9494001e+003  1.8346284e-022
  6.9654255e+003  1.8389398e-022
  6.9814878e+003  1.8432609e-022
  6.9975872e+003  1.8475917e-022
  7.0137236e+003  1.8519324e-022
  7.0298973e+003  1.8562829e-022
  7.0461083e+003  1.8606433e-022
  7.0623567e+003  1.8650136e-022
  7.0786426e+003  1.8693937e-022
  7.0949660e+003  1.8737838e-022
  7.1113270e+003  1.8781838e-022
  7.1277258e+003  1.8825938e-022
  7.1441624e+003  1.8870138e-022
  7.1606369e+003  1.8914439e-022
  7.1771494e+003  1.8958839e-022
  7.1936999e+003  1.9003341e-022
  7.2102886e+003  1.9047943e-022
  7.2269156e+003  1.9092646e-022
  7.2435809e+003  1.9137451e-022
  7.2602847e+003  1.9182357e-022
  7.2770270e+003  1.9227365e-022
  7.2938079e+003  1.9272475e-022
  7.3106274e+003  1.9317688e-022
  7.3274858e+003  1.9363003e-022
  7.3443830e+003  1.9408421e-022
  7.3613192e+003  1.9453942e-022
  7.3782945e+003  1.9499566e-022
  7.3953089e+003  1.9545294e-022
  7.4123625e+003  1.9591126e-022
  7.4294555e+003  1.9637061e-022
  7.4465879e+003  1.9683101e-022
  7.4637598e+003  1.9729245e-022
  7.4809713e+003  1.9775494e-022
  7.4982224e+003  1.9821848e-022
  7.5155134e+003  1.9868307e-022
  7.5328442e+003  1.9914872e-022
  7.5502150e+003  1.9961543e-022
  7.5676259e+003  2.0008319e-022
  7.5850769e+003  2.0055202e-022
  7.6025681e+003  2.0102191e-022
  7.6200997e+003  2.0149287e-022
  7.6376717e+003  2.0196489e-022
  7.6552842e+003  2.0243799e-022
  7.6729374e+003  2.0291217e-022
  7.6906312e+003  2.0338742e-022
  7.7083659e+003  2.0386375e-022
  7.7261414e+003  2.0434116e-022
  7.7439580e+003  2.0481966e-022
  7.7618156e+003  2.0529925e-022
  7.7797144e+003  2.0577992e-022
  7.7976545e+003  2.0626169e-022
  7.8156359e+003  2.0674455e-022
  7.8336589e+003  2.0722852e-022
  7.8517233e+003  2.0771358e-022
  7.8698295e+003  2.0819974e-022
  7.8879774e+003  2.0868701e-022
  7.9061671e+003  2.0917538e-022
  7.9243988e+003  2.0966487e-022
  7.9426725e+003  2.1015547e-022
  7.9609884e+003  2.1064718e-022
  7.9793465e+003  2.1114001e-022
  7.9977469e+003  2.1163397e-022
  8.0161898e+003  2.1212905e-022
  8.0346752e+003  2.1262525e-022
  8.0532032e+003  2.1312258e-022
  8.0717739e+003  2.1362104e-022
  8.0903875e+003  2.1412064e-022
  8.1090440e+003  2.1462137e-022
  8.1277435e+003  2.1512324e-022
  8.1464861e+003  2.1562626e-022
  8.1652720e+003  2.1613042e-022
  8.1841012e+003  2.1663572e-022
  8.2029738e+003  2.1714218e-022
  8.2218899e+003  2.1764979e-022
  8.2408496e+003  2.1815855e-022
  8.2598531e+003  2.1866847e-022
  8.2789004e+003  2.1917956e-022
  8.2979916e+003  2.1969180e-022
  8.3171268e+003  2.2020521e-022
  8.3363062e+003  2.2071979e-022
  8.3555298e+003  2.2123554e-022
  8.3747977e+003  2.2175247e-022
  8.3941100e+003  2.2227057e-022
  8.4134669e+003  2.2278986e-022
  8.4328684e+003  2.2331032e-022
  8.4523147e+003  2.2383197e-022
  8.4718058e+003  2.2435481e-022
  8.4913419e+003  2.2487884e-022
  8.5109230e+003  2.2540406e-022
  8.5305492e+003  2.2593048e-022
  8.5502207e+003  2.2645810e-022
  8.5699376e+003  2.2698692e-022
  8.5896999e+003  2.2751695e-022
  8.6095078e+003  2.2804818e-022
  8.6293614e+003  2.2858062e-022
  8.6492608e+003  2.2911428e-022
  8.6692061e+003  2.2964915e-022
  8.6891973e+003  2.3018524e-022
  8.7092347e+003  2.3072255e-022
  8.7293182e+003  2.3126109e-022
  8.7494481e+003  2.3180085e-022
  8.7696244e+003  2.3234185e-022
  8.7898472e+003  2.3288408e-022
  8.8101167e+003  2.3342754e-022
  8.8304329e+003  2.3397224e-022
  8.8507959e+003  2.3451819e-022
  8.8712059e+003  2.3506538e-022
  8.8916630e+003  2.3561381e-022
  8.9121672e+003  2.3616350e-022
  8.9327188e+003  2.3671444e-022
  8.9533177e+003  2.3726664e-022
  8.9739641e+003  2.3782009e-022
  8.9946581e+003  2.3837481e-022
  9.0153999e+003  2.3893079e-022
  9.0361895e+003  2.3948805e-022
  9.0570270e+003  2.4004657e-022
  9.0779126e+003  2.4060636e-022
  9.0988463e+003  2.4116744e-022
  9.1198283e+003  2.4172979e-022
  9.1408587e+003  2.4229342e-022
  9.1619376e+003  2.4285835e-022
  9.1830651e+003  2.4342456e-022
  9.2042413e+003  2.4399206e-022
  9.2254664e+003  2.4456086e-022
  9.2467404e+003  2.4513095e-022
  9.2680634e+003  2.4570235e-022
  9.2894356e+003  2.4627505e-022
  9.3108571e+003  2.4684905e-022
  9.3323280e+003  2.4742437e-022
  9.3538485e+003  2.4800100e-022
  9.3754185e+003  2.4857894e-022
  9.3970383e+003  2.4915821e-022
  9.4187079e+003  2.4973880e-022
  9.4404276e+003  2.5032071e-022
  9.4621973e+003  2.5090395e-022
  9.4840172e+003  2.5148852e-022
  9.5058874e+003  2.5207443e-022
  9.5278080e+003  2.5266167e-022
  9.5497792e+003  2.5325026e-022
  9.5718011e+003  2.5384019e-022
  9.5938737e+003  2.5443147e-022
  9.6159973e+003  2.5502409e-022
  9.6381718e+003  2.5561807e-022
  9.6603975e+003  2.5621341e-022
  9.6826745e+003  2.5681011e-022
  9.7050028e+003  2.5740816e-022
  9.7273826e+003  2.5800759e-022
  9.7498140e+003  2.5860838e-022
  9.7722972e+003  2.5921055e-022
  9.7948322e+003  2.5981409e-022
  9.8174191e+003  2.6041901e-022
  9.8400582e+003  2.6102532e-022
  9.8627494e+003  2.6163300e-022
  9.8854930e+003  2.6224208e-022
  9.9082890e+003  2.6285255e-022
  9.9311376e+003  2.6346441e-022
  9.9540389e+003  2.6407767e-022
  9.9769930e+003  2.6469233e-022
  1.0000000e+004  2.6530840e-022
