# freq (Hz)   Sh (1/Hz)   
  0 1.177196790169e-17
  1 1.177196790169e-18
  2 1.177196790169e-19
  3 1.177196790169e-20
  4 1.177196790169e-21
  5 1.177196790169e-22
  6 1.177196790169e-23
  7 1.177196790169e-24
  8 1.177196790169e-25
  9 1.177196790169e-26
 10 1.177196790169e-27
 11 1.177196790169e-28
 12 3.5110545292391e-29
 13 3.14005204516864e-30
 14 2.33830033416004e-30
 15 3.26071697682534e-31
 16 6.09625678978801e-32
 17 1.72788448589604e-32
 18 8.4946416023044e-33
 19 3.95643208571524e-34
 20 4.9673303189041e-35
 21 7.16330537979904e-36
 22 1.15930291670649e-36
 23 1.856037269226e-37
 24 5.97485914425625e-38
 25 1.44028897449616e-38
 26 7.66901841907662e-39
 27 2.11073581813502e-39
 28 6.53881206352201e-40
 29 3.50562599482489e-40
 30 1.03468627834209e-40
 31 5.47097566500994e-41
 32 1.73041365429408e-41
 33 1.47842464728294e-41
 34 5.21592834297649e-42
 35 2.73095554513609e-42
 36 6.4135915283496e-43
 37 5.92551826330254e-43
 38 1.18284639494116e-43
 39 6.79107182299225e-44
 40 4.02876834091264e-44
 41 2.02952761330201e-44
 42 1.779697406809e-44
 43 1.31291470146001e-44
 44 1.28845677742441e-44
 45 1.01206275977689e-44
 46 8.09874148888806e-45
 47 8.41819920805502e-45
 48 6.66688122854478e-45
 49 5.97666926618424e-45
 50 5.60501064049116e-45
 51 4.68157774726714e-45
 52 4.33436230534388e-45
 53 4.33436230534388e-45
 54 3.79562674056096e-45
 55 3.4676929018944e-45
 56 3.22671395660558e-45
 57 2.82453356168828e-45
 58 2.82453356168828e-45
 59 2.54099428929218e-45
 60 3.2078698405636e-45
 61 2.07083052969164e-45
 62 2.07083052969164e-45
 63 1.9732954268041e-45
 64 1.7659242925016e-45
 65 1.7659242925016e-45
 66 1.75110796952256e-45
 67 1.4798755017225e-45
 68 1.4798755017225e-45
 69 1.37790234369145e-45
 70 1.23794854766705e-45
 71 1.23794854766705e-45
 72 1.12051905296402e-45
 73 1.12051905296402e-45
 74 1.01945995541429e-45
 75 9.56276087553796e-46
 76 9.56276087553796e-46
 77 8.83765934696401e-46
 78 8.83765934696401e-46
 79 7.98017922122521e-46
 80 7.98017922122521e-46
 81 7.74148654719729e-46
 82 7.74148654719729e-46
 83 6.96738363223204e-46
 84 6.96738363223204e-46
 85 6.22016319465025e-46
 86 6.22016319465025e-46
 87 5.67566823442921e-46
 88 5.67566823442921e-46
 89 5.30369569300516e-46
 90 5.30369569300516e-46
 91 4.91417874194809e-46
 92 4.91417874194809e-46
 93 4.45623276063681e-46
 94 4.45623276063681e-46
 95 4.14235613022841e-46
 96 4.14235613022841e-46
 97 3.98460164792089e-46
 98 3.98460164792089e-46
 99 3.72619244009104e-46
 100 3.72619244009104e-46
 101 3.72619244009104e-46
 102 3.25509903023449e-46
 103 3.25509903023449e-46
 104 3.29899836291025e-46
 105 3.29899836291025e-46
 106 3.05188286790321e-46
 107 3.05188286790321e-46
 108 3.05188286790321e-46
 109 2.79502658298889e-46
 110 2.79502658298889e-46
 111 2.61921241008361e-46
 112 2.61921241008361e-46
 113 2.61921241008361e-46
 114 2.52116822406969e-46
 115 2.52116822406969e-46
 116 2.52116822406969e-46
 117 2.317044129856e-46
 118 2.317044129856e-46
 119 3.26985413576644e-46
 120 3.26985413576644e-46
 121 3.26985413576644e-46
 122 2.13905367254016e-46
 123 2.13905367254016e-46
 124 2.13905367254016e-46
 125 2.05056614760804e-46
 126 2.05056614760804e-46
 127 2.05056614760804e-46
 128 1.94399468883841e-46
 129 1.94399468883841e-46
 130 1.94399468883841e-46
 131 1.83145526398129e-46
 132 1.83145526398129e-46
 133 1.83145526398129e-46
 134 1.79221461319044e-46
 135 1.79221461319044e-46
 136 1.79221461319044e-46
 137 1.69851086832249e-46
 138 1.69851086832249e-46
 139 1.69851086832249e-46
 140 1.65277687345369e-46
 141 1.65277687345369e-46
 142 1.65277687345369e-46
 143 1.63791517187236e-46
 144 1.63791517187236e-46
 145 1.63791517187236e-46
 146 1.63791517187236e-46
 147 1.56645474924481e-46
 148 1.56645474924481e-46
 149 1.56645474924481e-46
 150 1.53814093556761e-46
 151 1.53814093556761e-46
 152 1.53814093556761e-46
 153 1.53814093556761e-46
 154 1.523432307076e-46
 155 1.523432307076e-46
 156 1.523432307076e-46
 157 1.52148820559044e-46
 158 1.52148820559044e-46
 159 1.52148820559044e-46
 160 1.52148820559044e-46
 161 1.52045299342225e-46
 162 1.52045299342225e-46
 163 1.52045299342225e-46
 164 1.52045299342225e-46
 165 1.49205516530841e-46
 166 1.49205516530841e-46
 167 1.49205516530841e-46
 168 1.49638582309225e-46
 169 1.49638582309225e-46
 170 1.49638582309225e-46
 171 1.49638582309225e-46
 172 1.46856030585889e-46
 173 1.46856030585889e-46
 174 1.46856030585889e-46
 175 1.46856030585889e-46
 176 1.45134280914561e-46
 177 1.45134280914561e-46
 178 1.45134280914561e-46
 179 1.45134280914561e-46
 180 1.457508096529e-46
 181 1.457508096529e-46
 182 1.457508096529e-46
 183 1.457508096529e-46
 184 1.457508096529e-46
 185 1.493980621225e-46
 186 1.493980621225e-46
 187 1.493980621225e-46
 188 1.493980621225e-46
 189 1.48249326389824e-46
 190 1.48249326389824e-46
 191 1.48249326389824e-46
 192 1.48249326389824e-46
 193 1.50583993785289e-46
 194 1.50583993785289e-46
 195 1.50583993785289e-46
 196 1.50583993785289e-46
 197 1.50583993785289e-46
 198 1.56804215578201e-46
 199 1.56804215578201e-46
 200 1.56804215578201e-46
 201 1.56804215578201e-46
 202 1.55742038512225e-46
 203 1.55742038512225e-46
 204 1.55742038512225e-46
 205 1.55742038512225e-46
 206 1.55742038512225e-46
 207 1.59981440734129e-46
 208 1.59981440734129e-46
 209 1.59981440734129e-46
 210 1.59981440734129e-46
 211 1.59981440734129e-46
 212 1.59917471639104e-46
 213 1.59917471639104e-46
 214 1.59917471639104e-46
 215 1.59917471639104e-46
 216 1.59917471639104e-46
 217 1.64200979412649e-46
 218 1.64200979412649e-46
 219 1.64200979412649e-46
 220 1.64200979412649e-46
 221 1.64200979412649e-46
 222 1.65019279236289e-46
 223 1.65019279236289e-46
 224 1.65019279236289e-46
 225 1.65019279236289e-46
 226 1.65019279236289e-46
 227 1.67417617488016e-46
 228 1.67417617488016e-46
 229 1.67417617488016e-46
 230 1.67417617488016e-46
 231 1.67417617488016e-46
 232 1.71359645574481e-46
 233 1.71359645574481e-46
 234 1.71359645574481e-46
 235 1.71359645574481e-46
 236 1.71359645574481e-46
 237 1.71359645574481e-46
 238 1.75123590164329e-46
 239 1.75123590164329e-46
 240 1.75123590164329e-46
 241 1.75123590164329e-46
 242 1.75123590164329e-46
 243 1.80529643121424e-46
 244 1.80529643121424e-46
 245 1.80529643121424e-46
 246 1.80529643121424e-46
 247 1.80529643121424e-46
 248 1.80529643121424e-46
 249 1.86287857910361e-46
 250 1.86287857910361e-46
 251 1.86287857910361e-46
 252 1.86287857910361e-46
 253 1.86287857910361e-46
 254 1.86287857910361e-46
 255 1.74106547163136e-46
 256 1.74106547163136e-46
 257 1.74106547163136e-46
 258 1.74106547163136e-46
 259 1.74106547163136e-46
 260 1.74106547163136e-46
 261 1.79376225845881e-46
 262 1.79376225845881e-46
 263 1.79376225845881e-46
 264 1.79376225845881e-46
 265 1.79376225845881e-46
 266 1.79376225845881e-46
 267 1.84453638239641e-46
 268 1.84453638239641e-46
 269 1.84453638239641e-46
 270 1.84453638239641e-46
 271 1.84453638239641e-46
 272 1.84453638239641e-46
 273 1.92093612526656e-46
 274 1.92093612526656e-46
 275 1.92093612526656e-46
 276 1.92093612526656e-46
 277 1.92093612526656e-46
 278 1.92093612526656e-46
 279 1.96854593518144e-46
 280 1.96854593518144e-46
 281 1.96854593518144e-46
 282 1.96854593518144e-46
 283 1.96854593518144e-46
 284 1.96854593518144e-46
 285 1.96854593518144e-46
 286 2.03700688140625e-46
 287 2.03700688140625e-46
 288 2.03700688140625e-46
 289 2.03700688140625e-46
 290 2.03700688140625e-46
 291 2.03700688140625e-46
 292 2.11805060818576e-46
 293 2.11805060818576e-46
 294 2.11805060818576e-46
 295 2.11805060818576e-46
 296 2.11805060818576e-46
 297 2.11805060818576e-46
 298 2.11805060818576e-46
 299 2.18061128873449e-46
 300 2.18061128873449e-46
 301 2.18061128873449e-46
 302 2.18061128873449e-46
 303 2.18061128873449e-46
 304 2.18061128873449e-46
 305 2.18061128873449e-46
 306 2.272990430736e-46
 307 2.272990430736e-46
 308 2.272990430736e-46
 309 2.272990430736e-46
 310 2.272990430736e-46
 311 2.272990430736e-46
 312 2.272990430736e-46
 313 2.33228944267225e-46
 314 2.33228944267225e-46
 315 2.33228944267225e-46
 316 2.33228944267225e-46
 317 2.33228944267225e-46
 318 2.33228944267225e-46
 319 2.33228944267225e-46
 320 2.41412538951936e-46
 321 2.41412538951936e-46
 322 2.41412538951936e-46
 323 2.41412538951936e-46
 324 2.41412538951936e-46
 325 2.41412538951936e-46
 326 2.41412538951936e-46
 327 2.41412538951936e-46
 328 2.49518196861025e-46
 329 2.49518196861025e-46
 330 2.49518196861025e-46
 331 2.49518196861025e-46
 332 2.49518196861025e-46
 333 2.49518196861025e-46
 334 2.49518196861025e-46
 335 2.58820815992281e-46
 336 2.58820815992281e-46
 337 2.58820815992281e-46
 338 2.58820815992281e-46
 339 2.58820815992281e-46
 340 2.58820815992281e-46
 341 2.58820815992281e-46
 342 2.58820815992281e-46
 343 2.69347310534416e-46
 344 2.69347310534416e-46
 345 2.69347310534416e-46
 346 2.69347310534416e-46
 347 2.69347310534416e-46
 348 2.69347310534416e-46
 349 2.69347310534416e-46
 350 2.69347310534416e-46
 351 2.80173231117376e-46
 352 2.80173231117376e-46
 353 2.80173231117376e-46
 354 2.80173231117376e-46
 355 2.80173231117376e-46
 356 2.80173231117376e-46
 357 2.80173231117376e-46
 358 2.80173231117376e-46
 359 2.912456254464e-46
 360 2.912456254464e-46
 361 2.912456254464e-46
 362 2.912456254464e-46
 363 2.912456254464e-46
 364 2.912456254464e-46
 365 2.912456254464e-46
 366 2.912456254464e-46
 367 2.912456254464e-46
 368 3.03557897405569e-46
 369 3.03557897405569e-46
 370 3.03557897405569e-46
 371 3.03557897405569e-46
 372 3.03557897405569e-46
 373 3.03557897405569e-46
 374 3.03557897405569e-46
 375 3.03557897405569e-46
 376 3.14992071936256e-46
 377 3.14992071936256e-46
 378 3.14992071936256e-46
 379 3.14992071936256e-46
 380 3.14992071936256e-46
 381 3.14992071936256e-46
 382 3.14992071936256e-46
 383 3.14992071936256e-46
 384 3.14992071936256e-46
 385 3.27779329274329e-46
 386 3.27779329274329e-46
 387 3.27779329274329e-46
 388 3.27779329274329e-46
 389 3.27779329274329e-46
 390 3.27779329274329e-46
 391 3.27779329274329e-46
 392 3.27779329274329e-46
 393 3.27779329274329e-46
 394 3.41112161285284e-46
 395 3.41112161285284e-46
 396 3.41112161285284e-46
 397 3.41112161285284e-46
 398 3.41112161285284e-46
 399 3.41112161285284e-46
 400 3.41112161285284e-46
 401 3.41112161285284e-46
 402 3.41112161285284e-46
 403 3.55386442076416e-46
 404 3.55386442076416e-46
 405 3.55386442076416e-46
 406 3.55386442076416e-46
 407 3.55386442076416e-46
 408 3.55386442076416e-46
 409 3.55386442076416e-46
 410 3.55386442076416e-46
 411 3.55386442076416e-46
 412 3.55386442076416e-46
 413 3.700637079616e-46
 414 3.700637079616e-46
 415 3.700637079616e-46
 416 3.700637079616e-46
 417 3.700637079616e-46
 418 3.700637079616e-46
 419 3.700637079616e-46
 420 3.700637079616e-46
 421 3.700637079616e-46
 422 3.85710902946576e-46
 423 3.85710902946576e-46
 424 3.85710902946576e-46
 425 3.85710902946576e-46
 426 3.85710902946576e-46
 427 3.85710902946576e-46
 428 3.85710902946576e-46
 429 3.85710902946576e-46
 430 3.85710902946576e-46
 431 3.85710902946576e-46
 432 4.01598553925776e-46
 433 4.01598553925776e-46
 434 4.01598553925776e-46
 435 4.01598553925776e-46
 436 4.01598553925776e-46
 437 4.01598553925776e-46
 438 4.01598553925776e-46
 439 4.01598553925776e-46
 440 4.01598553925776e-46
 441 4.01598553925776e-46
 442 4.18835175804369e-46
 443 4.18835175804369e-46
 444 4.18835175804369e-46
 445 4.18835175804369e-46
 446 4.18835175804369e-46
 447 4.18835175804369e-46
 448 4.18835175804369e-46
 449 4.18835175804369e-46
 450 4.18835175804369e-46
 451 4.18835175804369e-46
 452 4.370570729281e-46
 453 4.370570729281e-46
 454 4.370570729281e-46
 455 4.370570729281e-46
 456 4.370570729281e-46
 457 4.370570729281e-46
 458 4.370570729281e-46
 459 4.370570729281e-46
 460 4.370570729281e-46
 461 4.370570729281e-46
 462 4.370570729281e-46
 463 4.55457232005136e-46
 464 4.55457232005136e-46
 465 4.55457232005136e-46
 466 4.55457232005136e-46
 467 4.55457232005136e-46
 468 4.55457232005136e-46
 469 4.55457232005136e-46
 470 4.55457232005136e-46
 471 4.55457232005136e-46
 472 4.55457232005136e-46
 473 4.55457232005136e-46
 474 4.75081963140625e-46
 475 4.75081963140625e-46
 476 4.75081963140625e-46
 477 4.75081963140625e-46
 478 4.75081963140625e-46
 479 4.75081963140625e-46
 480 4.75081963140625e-46
 481 4.75081963140625e-46
 482 4.75081963140625e-46
 483 4.75081963140625e-46
 484 4.75081963140625e-46
 485 4.95825568313881e-46
 486 4.95825568313881e-46
 487 4.95825568313881e-46
 488 4.95825568313881e-46
 489 4.95825568313881e-46
 490 4.95825568313881e-46
 491 4.95825568313881e-46
 492 4.95825568313881e-46
 493 4.95825568313881e-46
 494 4.95825568313881e-46
 495 4.95825568313881e-46
 496 5.17555629522801e-46
 497 5.17555629522801e-46
 498 5.17555629522801e-46
 499 5.17555629522801e-46
 500 5.17555629522801e-46
 501 5.17555629522801e-46
 502 5.17555629522801e-46
 503 5.17555629522801e-46
 504 5.17555629522801e-46
 505 5.17555629522801e-46
 506 5.17555629522801e-46
 507 5.17555629522801e-46
 508 5.40115634390544e-46
 509 5.40115634390544e-46
 510 5.40115634390544e-46
 511 5.40115634390544e-46
 512 5.40115634390544e-46
 513 5.40115634390544e-46
 514 5.40115634390544e-46
 515 5.40115634390544e-46
 516 5.40115634390544e-46
 517 5.40115634390544e-46
 518 5.40115634390544e-46
 519 5.63812535199169e-46
 520 5.63812535199169e-46
 521 5.63812535199169e-46
 522 5.63812535199169e-46
 523 5.63812535199169e-46
 524 5.63812535199169e-46
 525 5.63812535199169e-46
 526 5.63812535199169e-46
 527 5.63812535199169e-46
 528 5.63812535199169e-46
 529 5.63812535199169e-46
 530 5.63812535199169e-46
 531 5.888101224681e-46
 532 5.888101224681e-46
 533 5.888101224681e-46
 534 5.888101224681e-46
 535 5.888101224681e-46
 536 5.888101224681e-46
 537 5.888101224681e-46
 538 5.888101224681e-46
 539 5.888101224681e-46
 540 5.888101224681e-46
 541 5.888101224681e-46
 542 5.888101224681e-46
 543 5.888101224681e-46
 544 6.14893787890704e-46
 545 6.14893787890704e-46
 546 6.14893787890704e-46
 547 6.14893787890704e-46
 548 6.14893787890704e-46
 549 6.14893787890704e-46
 550 6.14893787890704e-46
 551 6.14893787890704e-46
 552 6.14893787890704e-46
 553 6.14893787890704e-46
 554 6.14893787890704e-46
 555 6.14893787890704e-46
 556 6.41878338161124e-46
 557 6.41878338161124e-46
 558 6.41878338161124e-46
 559 6.41878338161124e-46
 560 6.41878338161124e-46
 561 6.41878338161124e-46
 562 6.41878338161124e-46
 563 6.41878338161124e-46
 564 6.41878338161124e-46
 565 6.41878338161124e-46
 566 6.41878338161124e-46
 567 6.41878338161124e-46
 568 6.41878338161124e-46
 569 6.70268384969764e-46
 570 6.70268384969764e-46
 571 6.70268384969764e-46
 572 6.70268384969764e-46
 573 6.70268384969764e-46
 574 6.70268384969764e-46
 575 6.70268384969764e-46
 576 6.70268384969764e-46
 577 6.70268384969764e-46
 578 6.70268384969764e-46
 579 6.70268384969764e-46
 580 6.70268384969764e-46
 581 6.70268384969764e-46
 582 6.70268384969764e-46
 583 6.99979304522884e-46
 584 6.99979304522884e-46
 585 6.99979304522884e-46
 586 6.99979304522884e-46
 587 6.99979304522884e-46
 588 6.99979304522884e-46
 589 6.99979304522884e-46
 590 6.99979304522884e-46
 591 6.99979304522884e-46
 592 6.99979304522884e-46
 593 6.99979304522884e-46
 594 6.99979304522884e-46
 595 6.99979304522884e-46
 596 7.31269709916001e-46
 597 7.31269709916001e-46
 598 7.31269709916001e-46
 599 7.31269709916001e-46
 600 7.31269709916001e-46
 601 7.31269709916001e-46
 602 7.31269709916001e-46
 603 7.31269709916001e-46
 604 7.31269709916001e-46
 605 7.31269709916001e-46
 606 7.31269709916001e-46
 607 7.31269709916001e-46
 608 7.31269709916001e-46
 609 7.31269709916001e-46
 610 7.63612864534116e-46
 611 7.63612864534116e-46
 612 7.63612864534116e-46
 613 7.63612864534116e-46
 614 7.63612864534116e-46
 615 7.63612864534116e-46
 616 7.63612864534116e-46
 617 7.63612864534116e-46
 618 7.63612864534116e-46
 619 7.63612864534116e-46
 620 7.63612864534116e-46
 621 7.63612864534116e-46
 622 7.63612864534116e-46
 623 7.63612864534116e-46
 624 7.97520644006464e-46
 625 7.97520644006464e-46
 626 7.97520644006464e-46
 627 7.97520644006464e-46
 628 7.97520644006464e-46
 629 7.97520644006464e-46
 630 7.97520644006464e-46
 631 7.97520644006464e-46
 632 7.97520644006464e-46
 633 7.97520644006464e-46
 634 7.97520644006464e-46
 635 7.97520644006464e-46
 636 7.97520644006464e-46
 637 7.97520644006464e-46
 638 7.97520644006464e-46
 639 8.33465178821209e-46
 640 8.33465178821209e-46
 641 8.33465178821209e-46
 642 8.33465178821209e-46
 643 8.33465178821209e-46
 644 8.33465178821209e-46
 645 8.33465178821209e-46
 646 8.33465178821209e-46
 647 8.33465178821209e-46
 648 8.33465178821209e-46
 649 8.33465178821209e-46
 650 8.33465178821209e-46
 651 8.33465178821209e-46
 652 8.33465178821209e-46
 653 8.33465178821209e-46
 654 8.70394437992704e-46
 655 8.70394437992704e-46
 656 8.70394437992704e-46
 657 8.70394437992704e-46
 658 8.70394437992704e-46
 659 8.70394437992704e-46
 660 8.70394437992704e-46
 661 8.70394437992704e-46
 662 8.70394437992704e-46
 663 8.70394437992704e-46
 664 8.70394437992704e-46
 665 8.70394437992704e-46
 666 8.70394437992704e-46
 667 8.70394437992704e-46
 668 8.70394437992704e-46
 669 9.09367629652729e-46
 670 9.09367629652729e-46
 671 9.09367629652729e-46
 672 9.09367629652729e-46
 673 9.09367629652729e-46
 674 9.09367629652729e-46
 675 9.09367629652729e-46
 676 9.09367629652729e-46
 677 9.09367629652729e-46
 678 9.09367629652729e-46
 679 9.09367629652729e-46
 680 9.09367629652729e-46
 681 9.09367629652729e-46
 682 9.09367629652729e-46
 683 9.09367629652729e-46
 684 9.50249859211129e-46
 685 9.50249859211129e-46
 686 9.50249859211129e-46
 687 9.50249859211129e-46
 688 9.50249859211129e-46
 689 9.50249859211129e-46
 690 9.50249859211129e-46
 691 9.50249859211129e-46
 692 9.50249859211129e-46
 693 9.50249859211129e-46
 694 9.50249859211129e-46
 695 9.50249859211129e-46
 696 9.50249859211129e-46
 697 9.50249859211129e-46
 698 9.50249859211129e-46
 699 9.50249859211129e-46
 700 9.92948729965921e-46
 701 9.92948729965921e-46
 702 9.92948729965921e-46
 703 9.92948729965921e-46
 704 9.92948729965921e-46
 705 9.92948729965921e-46
 706 9.92948729965921e-46
 707 9.92948729965921e-46
 708 9.92948729965921e-46
 709 9.92948729965921e-46
 710 9.92948729965921e-46
 711 9.92948729965921e-46
 712 9.92948729965921e-46
 713 9.92948729965921e-46
 714 9.92948729965921e-46
 715 9.92948729965921e-46
 716 9.92948729965921e-46
 717 1.03779256588494e-45
 718 1.03779256588494e-45
 719 1.03779256588494e-45
 720 1.03779256588494e-45
 721 1.03779256588494e-45
 722 1.03779256588494e-45
 723 1.03779256588494e-45
 724 1.03779256588494e-45
 725 1.03779256588494e-45
 726 1.03779256588494e-45
 727 1.03779256588494e-45
 728 1.03779256588494e-45
 729 1.03779256588494e-45
 730 1.03779256588494e-45
 731 1.03779256588494e-45
 732 1.03779256588494e-45
 733 1.0847965640625e-45
 734 1.0847965640625e-45
 735 1.0847965640625e-45
 736 1.0847965640625e-45
 737 1.0847965640625e-45
 738 1.0847965640625e-45
 739 1.0847965640625e-45
 740 1.0847965640625e-45
 741 1.0847965640625e-45
 742 1.0847965640625e-45
 743 1.0847965640625e-45
 744 1.0847965640625e-45
 745 1.0847965640625e-45
 746 1.0847965640625e-45
 747 1.0847965640625e-45
 748 1.0847965640625e-45
 749 1.0847965640625e-45
 750 1.13404704562823e-45
 751 1.13404704562823e-45
 752 1.13404704562823e-45
 753 1.13404704562823e-45
 754 1.13404704562823e-45
 755 1.13404704562823e-45
 756 1.13404704562823e-45
 757 1.13404704562823e-45
 758 1.13404704562823e-45
 759 1.13404704562823e-45
 760 1.13404704562823e-45
 761 1.13404704562823e-45
 762 1.13404704562823e-45
 763 1.13404704562823e-45
 764 1.13404704562823e-45
 765 1.13404704562823e-45
 766 1.13404704562823e-45
 767 1.13404704562823e-45
 768 1.18560773034902e-45
 769 1.18560773034902e-45
 770 1.18560773034902e-45
 771 1.18560773034902e-45
 772 1.18560773034902e-45
 773 1.18560773034902e-45
 774 1.18560773034902e-45
 775 1.18560773034902e-45
 776 1.18560773034902e-45
 777 1.18560773034902e-45
 778 1.18560773034902e-45
 779 1.18560773034902e-45
 780 1.18560773034902e-45
 781 1.18560773034902e-45
 782 1.18560773034902e-45
 783 1.18560773034902e-45
 784 1.18560773034902e-45
 785 1.18560773034902e-45
 786 1.2396708642816e-45
 787 1.2396708642816e-45
 788 1.2396708642816e-45
 789 1.2396708642816e-45
 790 1.2396708642816e-45
 791 1.2396708642816e-45
 792 1.2396708642816e-45
 793 1.2396708642816e-45
 794 1.2396708642816e-45
 795 1.2396708642816e-45
 796 1.2396708642816e-45
 797 1.2396708642816e-45
 798 1.2396708642816e-45
 799 1.2396708642816e-45
 800 1.2396708642816e-45
 801 1.2396708642816e-45
 802 1.2396708642816e-45
 803 1.2396708642816e-45
 804 1.29645421579086e-45
 805 1.29645421579086e-45
 806 1.29645421579086e-45
 807 1.29645421579086e-45
 808 1.29645421579086e-45
 809 1.29645421579086e-45
 810 1.29645421579086e-45
 811 1.29645421579086e-45
 812 1.29645421579086e-45
 813 1.29645421579086e-45
 814 1.29645421579086e-45
 815 1.29645421579086e-45
 816 1.29645421579086e-45
 817 1.29645421579086e-45
 818 1.29645421579086e-45
 819 1.29645421579086e-45
 820 1.29645421579086e-45
 821 1.29645421579086e-45
 822 1.29645421579086e-45
 823 1.35587308724112e-45
 824 1.35587308724112e-45
 825 1.35587308724112e-45
 826 1.35587308724112e-45
 827 1.35587308724112e-45
 828 1.35587308724112e-45
 829 1.35587308724112e-45
 830 1.35587308724112e-45
 831 1.35587308724112e-45
 832 1.35587308724112e-45
 833 1.35587308724112e-45
 834 1.35587308724112e-45
 835 1.35587308724112e-45
 836 1.35587308724112e-45
 837 1.35587308724112e-45
 838 1.35587308724112e-45
 839 1.35587308724112e-45
 840 1.35587308724112e-45
 841 1.35587308724112e-45
 842 1.41810154082072e-45
 843 1.41810154082072e-45
 844 1.41810154082072e-45
 845 1.41810154082072e-45
 846 1.41810154082072e-45
 847 1.41810154082072e-45
 848 1.41810154082072e-45
 849 1.41810154082072e-45
 850 1.41810154082072e-45
 851 1.41810154082072e-45
 852 1.41810154082072e-45
 853 1.41810154082072e-45
 854 1.41810154082072e-45
 855 1.41810154082072e-45
 856 1.41810154082072e-45
 857 1.41810154082072e-45
 858 1.41810154082072e-45
 859 1.41810154082072e-45
 860 1.41810154082072e-45
 861 1.41810154082072e-45
 862 1.48338727706429e-45
 863 1.48338727706429e-45
 864 1.48338727706429e-45
 865 1.48338727706429e-45
 866 1.48338727706429e-45
 867 1.48338727706429e-45
 868 1.48338727706429e-45
 869 1.48338727706429e-45
 870 1.48338727706429e-45
 871 1.48338727706429e-45
 872 1.48338727706429e-45
 873 1.48338727706429e-45
 874 1.48338727706429e-45
 875 1.48338727706429e-45
 876 1.48338727706429e-45
 877 1.48338727706429e-45
 878 1.48338727706429e-45
 879 1.48338727706429e-45
 880 1.48338727706429e-45
 881 1.48338727706429e-45
 882 1.5517343910436e-45
 883 1.5517343910436e-45
 884 1.5517343910436e-45
 885 1.5517343910436e-45
 886 1.5517343910436e-45
 887 1.5517343910436e-45
 888 1.5517343910436e-45
 889 1.5517343910436e-45
 890 1.5517343910436e-45
 891 1.5517343910436e-45
 892 1.5517343910436e-45
 893 1.5517343910436e-45
 894 1.5517343910436e-45
 895 1.5517343910436e-45
 896 1.5517343910436e-45
 897 1.5517343910436e-45
 898 1.5517343910436e-45
 899 1.5517343910436e-45
 900 1.5517343910436e-45
 901 1.5517343910436e-45
 902 1.62333994242025e-45
 903 1.62333994242025e-45
 904 1.62333994242025e-45
 905 1.62333994242025e-45
 906 1.62333994242025e-45
 907 1.62333994242025e-45
 908 1.62333994242025e-45
 909 1.62333994242025e-45
 910 1.62333994242025e-45
 911 1.62333994242025e-45
 912 1.62333994242025e-45
 913 1.62333994242025e-45
 914 1.62333994242025e-45
 915 1.62333994242025e-45
 916 1.62333994242025e-45
 917 1.62333994242025e-45
 918 1.62333994242025e-45
 919 1.62333994242025e-45
 920 1.62333994242025e-45
 921 1.62333994242025e-45
 922 1.62333994242025e-45
 923 1.69843018036022e-45
 924 1.69843018036022e-45
 925 1.69843018036022e-45
 926 1.69843018036022e-45
 927 1.69843018036022e-45
 928 1.69843018036022e-45
 929 1.69843018036022e-45
 930 1.69843018036022e-45
 931 1.69843018036022e-45
 932 1.69843018036022e-45
 933 1.69843018036022e-45
 934 1.69843018036022e-45
 935 1.69843018036022e-45
 936 1.69843018036022e-45
 937 1.69843018036022e-45
 938 1.69843018036022e-45
 939 1.69843018036022e-45
 940 1.69843018036022e-45
 941 1.69843018036022e-45
 942 1.69843018036022e-45
 943 1.69843018036022e-45
 944 1.69843018036022e-45
 945 1.77698762205756e-45
 946 1.77698762205756e-45
 947 1.77698762205756e-45
 948 1.77698762205756e-45
 949 1.77698762205756e-45
 950 1.77698762205756e-45
 951 1.77698762205756e-45
 952 1.77698762205756e-45
 953 1.77698762205756e-45
 954 1.77698762205756e-45
 955 1.77698762205756e-45
 956 1.77698762205756e-45
 957 1.77698762205756e-45
 958 1.77698762205756e-45
 959 1.77698762205756e-45
 960 1.77698762205756e-45
 961 1.77698762205756e-45
 962 1.77698762205756e-45
 963 1.77698762205756e-45
 964 1.77698762205756e-45
 965 1.77698762205756e-45
 966 1.77698762205756e-45
 967 1.85933629728048e-45
 968 1.85933629728048e-45
 969 1.85933629728048e-45
 970 1.85933629728048e-45
 971 1.85933629728048e-45
 972 1.85933629728048e-45
 973 1.85933629728048e-45
 974 1.85933629728048e-45
 975 1.85933629728048e-45
 976 1.85933629728048e-45
 977 1.85933629728048e-45
 978 1.85933629728048e-45
 979 1.85933629728048e-45
 980 1.85933629728048e-45
 981 1.85933629728048e-45
 982 1.85933629728048e-45
 983 1.85933629728048e-45
 984 1.85933629728048e-45
 985 1.85933629728048e-45
 986 1.85933629728048e-45
 987 1.85933629728048e-45
 988 1.85933629728048e-45
 989 1.94563775685946e-45
 990 1.94563775685946e-45
 991 1.94563775685946e-45
 992 1.94563775685946e-45
 993 1.94563775685946e-45
 994 1.94563775685946e-45
 995 1.94563775685946e-45
 996 1.94563775685946e-45
 997 1.94563775685946e-45
 998 1.94563775685946e-45
 999 1.94563775685946e-45
 1000 1.94563775685946e-45
 1001 1.94563775685946e-45
 1002 1.94563775685946e-45
 1003 1.94563775685946e-45
 1004 1.94563775685946e-45
 1005 1.94563775685946e-45
 1006 1.94563775685946e-45
 1007 1.94563775685946e-45
 1008 1.94563775685946e-45
 1009 1.94563775685946e-45
 1010 1.94563775685946e-45
 1011 1.94563775685946e-45
 1012 2.03591285303028e-45
 1013 2.03591285303028e-45
 1014 2.03591285303028e-45
 1015 2.03591285303028e-45
 1016 2.03591285303028e-45
 1017 2.03591285303028e-45
 1018 2.03591285303028e-45
 1019 2.03591285303028e-45
 1020 2.03591285303028e-45
 1021 2.03591285303028e-45
 1022 2.03591285303028e-45
 1023 2.03591285303028e-45
 1024 2.03591285303028e-45
 1025 2.03591285303028e-45
 1026 2.03591285303028e-45
 1027 2.03591285303028e-45
 1028 2.03591285303028e-45
 1029 2.03591285303028e-45
 1030 2.03591285303028e-45
 1031 2.03591285303028e-45
 1032 2.03591285303028e-45
 1033 2.03591285303028e-45
 1034 2.03591285303028e-45
 1035 2.03591285303028e-45
 1036 2.13050871346436e-45
 1037 2.13050871346436e-45
 1038 2.13050871346436e-45
 1039 2.13050871346436e-45
 1040 2.13050871346436e-45
 1041 2.13050871346436e-45
 1042 2.13050871346436e-45
 1043 2.13050871346436e-45
 1044 2.13050871346436e-45
 1045 2.13050871346436e-45
 1046 2.13050871346436e-45
 1047 2.13050871346436e-45
 1048 2.13050871346436e-45
 1049 2.13050871346436e-45
 1050 2.13050871346436e-45
 1051 2.13050871346436e-45
 1052 2.13050871346436e-45
 1053 2.13050871346436e-45
 1054 2.13050871346436e-45
 1055 2.13050871346436e-45
 1056 2.13050871346436e-45
 1057 2.13050871346436e-45
 1058 2.13050871346436e-45
 1059 2.13050871346436e-45
 1060 2.22968155800602e-45
 1061 2.22968155800602e-45
 1062 2.22968155800602e-45
 1063 2.22968155800602e-45
 1064 2.22968155800602e-45
 1065 2.22968155800602e-45
 1066 2.22968155800602e-45
 1067 2.22968155800602e-45
 1068 2.22968155800602e-45
 1069 2.22968155800602e-45
 1070 2.22968155800602e-45
 1071 2.22968155800602e-45
 1072 2.22968155800602e-45
 1073 2.22968155800602e-45
 1074 2.22968155800602e-45
 1075 2.22968155800602e-45
 1076 2.22968155800602e-45
 1077 2.22968155800602e-45
 1078 2.22968155800602e-45
 1079 2.22968155800602e-45
 1080 2.22968155800602e-45
 1081 2.22968155800602e-45
 1082 2.22968155800602e-45
 1083 2.22968155800602e-45
 1084 2.33350886063684e-45
 1085 2.33350886063684e-45
 1086 2.33350886063684e-45
 1087 2.33350886063684e-45
 1088 2.33350886063684e-45
 1089 2.33350886063684e-45
 1090 2.33350886063684e-45
 1091 2.33350886063684e-45
 1092 2.33350886063684e-45
 1093 2.33350886063684e-45
 1094 2.33350886063684e-45
 1095 2.33350886063684e-45
 1096 2.33350886063684e-45
 1097 2.33350886063684e-45
 1098 2.33350886063684e-45
 1099 2.33350886063684e-45
 1100 2.33350886063684e-45
 1101 2.33350886063684e-45
 1102 2.33350886063684e-45
 1103 2.33350886063684e-45
 1104 2.33350886063684e-45
 1105 2.33350886063684e-45
 1106 2.33350886063684e-45
 1107 2.33350886063684e-45
 1108 2.33350886063684e-45
 1109 2.33350886063684e-45
 1110 2.44217983994906e-45
 1111 2.44217983994906e-45
 1112 2.44217983994906e-45
 1113 2.44217983994906e-45
 1114 2.44217983994906e-45
 1115 2.44217983994906e-45
 1116 2.44217983994906e-45
 1117 2.44217983994906e-45
 1118 2.44217983994906e-45
 1119 2.44217983994906e-45
 1120 2.44217983994906e-45
 1121 2.44217983994906e-45
 1122 2.44217983994906e-45
 1123 2.44217983994906e-45
 1124 2.44217983994906e-45
 1125 2.44217983994906e-45
 1126 2.44217983994906e-45
 1127 2.44217983994906e-45
 1128 2.44217983994906e-45
 1129 2.44217983994906e-45
 1130 2.44217983994906e-45
 1131 2.44217983994906e-45
 1132 2.44217983994906e-45
 1133 2.44217983994906e-45
 1134 2.44217983994906e-45
 1135 2.44217983994906e-45
 1136 2.55604230223849e-45
 1137 2.55604230223849e-45
 1138 2.55604230223849e-45
 1139 2.55604230223849e-45
 1140 2.55604230223849e-45
 1141 2.55604230223849e-45
 1142 2.55604230223849e-45
 1143 2.55604230223849e-45
 1144 2.55604230223849e-45
 1145 2.55604230223849e-45
 1146 2.55604230223849e-45
 1147 2.55604230223849e-45
 1148 2.55604230223849e-45
 1149 2.55604230223849e-45
 1150 2.55604230223849e-45
 1151 2.55604230223849e-45
 1152 2.55604230223849e-45
 1153 2.55604230223849e-45
 1154 2.55604230223849e-45
 1155 2.55604230223849e-45
 1156 2.55604230223849e-45
 1157 2.55604230223849e-45
 1158 2.55604230223849e-45
 1159 2.55604230223849e-45
 1160 2.55604230223849e-45
 1161 2.55604230223849e-45
 1162 2.67529490090201e-45
 1163 2.67529490090201e-45
 1164 2.67529490090201e-45
 1165 2.67529490090201e-45
 1166 2.67529490090201e-45
 1167 2.67529490090201e-45
 1168 2.67529490090201e-45
 1169 2.67529490090201e-45
 1170 2.67529490090201e-45
 1171 2.67529490090201e-45
 1172 2.67529490090201e-45
 1173 2.67529490090201e-45
 1174 2.67529490090201e-45
 1175 2.67529490090201e-45
 1176 2.67529490090201e-45
 1177 2.67529490090201e-45
 1178 2.67529490090201e-45
 1179 2.67529490090201e-45
 1180 2.67529490090201e-45
 1181 2.67529490090201e-45
 1182 2.67529490090201e-45
 1183 2.67529490090201e-45
 1184 2.67529490090201e-45
 1185 2.67529490090201e-45
 1186 2.67529490090201e-45
 1187 2.67529490090201e-45
 1188 2.67529490090201e-45
 1189 2.80017597472272e-45
 1190 2.80017597472272e-45
 1191 2.80017597472272e-45
 1192 2.80017597472272e-45
 1193 2.80017597472272e-45
 1194 2.80017597472272e-45
 1195 2.80017597472272e-45
 1196 2.80017597472272e-45
 1197 2.80017597472272e-45
 1198 2.80017597472272e-45
 1199 2.80017597472272e-45
 1200 2.80017597472272e-45
 1201 2.80017597472272e-45
 1202 2.80017597472272e-45
 1203 2.80017597472272e-45
 1204 2.80017597472272e-45
 1205 2.80017597472272e-45
 1206 2.80017597472272e-45
 1207 2.80017597472272e-45
 1208 2.80017597472272e-45
 1209 2.80017597472272e-45
 1210 2.80017597472272e-45
 1211 2.80017597472272e-45
 1212 2.80017597472272e-45
 1213 2.80017597472272e-45
 1214 2.80017597472272e-45
 1215 2.80017597472272e-45
 1216 2.80017597472272e-45
 1217 2.93095357791152e-45
 1218 2.93095357791152e-45
 1219 2.93095357791152e-45
 1220 2.93095357791152e-45
 1221 2.93095357791152e-45
 1222 2.93095357791152e-45
 1223 2.93095357791152e-45
 1224 2.93095357791152e-45
 1225 2.93095357791152e-45
 1226 2.93095357791152e-45
 1227 2.93095357791152e-45
 1228 2.93095357791152e-45
 1229 2.93095357791152e-45
 1230 2.93095357791152e-45
 1231 2.93095357791152e-45
 1232 2.93095357791152e-45
 1233 2.93095357791152e-45
 1234 2.93095357791152e-45
 1235 2.93095357791152e-45
 1236 2.93095357791152e-45
 1237 2.93095357791152e-45
 1238 2.93095357791152e-45
 1239 2.93095357791152e-45
 1240 2.93095357791152e-45
 1241 2.93095357791152e-45
 1242 2.93095357791152e-45
 1243 2.93095357791152e-45
 1244 2.93095357791152e-45
 1245 3.06790709069348e-45
 1246 3.06790709069348e-45
 1247 3.06790709069348e-45
 1248 3.06790709069348e-45
 1249 3.06790709069348e-45
 1250 3.06790709069348e-45
 1251 3.06790709069348e-45
 1252 3.06790709069348e-45
 1253 3.06790709069348e-45
 1254 3.06790709069348e-45
 1255 3.06790709069348e-45
 1256 3.06790709069348e-45
 1257 3.06790709069348e-45
 1258 3.06790709069348e-45
 1259 3.06790709069348e-45
 1260 3.06790709069348e-45
 1261 3.06790709069348e-45
 1262 3.06790709069348e-45
 1263 3.06790709069348e-45
 1264 3.06790709069348e-45
 1265 3.06790709069348e-45
 1266 3.06790709069348e-45
 1267 3.06790709069348e-45
 1268 3.06790709069348e-45
 1269 3.06790709069348e-45
 1270 3.06790709069348e-45
 1271 3.06790709069348e-45
 1272 3.06790709069348e-45
 1273 3.06790709069348e-45
 1274 3.21135119337622e-45
 1275 3.21135119337622e-45
 1276 3.21135119337622e-45
 1277 3.21135119337622e-45
 1278 3.21135119337622e-45
 1279 3.21135119337622e-45
 1280 3.21135119337622e-45
 1281 3.21135119337622e-45
 1282 3.21135119337622e-45
 1283 3.21135119337622e-45
 1284 3.21135119337622e-45
 1285 3.21135119337622e-45
 1286 3.21135119337622e-45
 1287 3.21135119337622e-45
 1288 3.21135119337622e-45
 1289 3.21135119337622e-45
 1290 3.21135119337622e-45
 1291 3.21135119337622e-45
 1292 3.21135119337622e-45
 1293 3.21135119337622e-45
 1294 3.21135119337622e-45
 1295 3.21135119337622e-45
 1296 3.21135119337622e-45
 1297 3.21135119337622e-45
 1298 3.21135119337622e-45
 1299 3.21135119337622e-45
 1300 3.21135119337622e-45
 1301 3.21135119337622e-45
 1302 3.21135119337622e-45
 1303 3.21135119337622e-45
 1304 3.36155493245072e-45
 1305 3.36155493245072e-45
 1306 3.36155493245072e-45
 1307 3.36155493245072e-45
 1308 3.36155493245072e-45
 1309 3.36155493245072e-45
 1310 3.36155493245072e-45
 1311 3.36155493245072e-45
 1312 3.36155493245072e-45
 1313 3.36155493245072e-45
 1314 3.36155493245072e-45
 1315 3.36155493245072e-45
 1316 3.36155493245072e-45
 1317 3.36155493245072e-45
 1318 3.36155493245072e-45
 1319 3.36155493245072e-45
 1320 3.36155493245072e-45
 1321 3.36155493245072e-45
 1322 3.36155493245072e-45
 1323 3.36155493245072e-45
 1324 3.36155493245072e-45
 1325 3.36155493245072e-45
 1326 3.36155493245072e-45
 1327 3.36155493245072e-45
 1328 3.36155493245072e-45
 1329 3.36155493245072e-45
 1330 3.36155493245072e-45
 1331 3.36155493245072e-45
 1332 3.36155493245072e-45
 1333 3.36155493245072e-45
 1334 3.51886133224008e-45
 1335 3.51886133224008e-45
 1336 3.51886133224008e-45
 1337 3.51886133224008e-45
 1338 3.51886133224008e-45
 1339 3.51886133224008e-45
 1340 3.51886133224008e-45
 1341 3.51886133224008e-45
 1342 3.51886133224008e-45
 1343 3.51886133224008e-45
 1344 3.51886133224008e-45
 1345 3.51886133224008e-45
 1346 3.51886133224008e-45
 1347 3.51886133224008e-45
 1348 3.51886133224008e-45
 1349 3.51886133224008e-45
 1350 3.51886133224008e-45
 1351 3.51886133224008e-45
 1352 3.51886133224008e-45
 1353 3.51886133224008e-45
 1354 3.51886133224008e-45
 1355 3.51886133224008e-45
 1356 3.51886133224008e-45
 1357 3.51886133224008e-45
 1358 3.51886133224008e-45
 1359 3.51886133224008e-45
 1360 3.51886133224008e-45
 1361 3.51886133224008e-45
 1362 3.51886133224008e-45
 1363 3.51886133224008e-45
 1364 3.51886133224008e-45
 1365 3.68358356195609e-45
 1366 3.68358356195609e-45
 1367 3.68358356195609e-45
 1368 3.68358356195609e-45
 1369 3.68358356195609e-45
 1370 3.68358356195609e-45
 1371 3.68358356195609e-45
 1372 3.68358356195609e-45
 1373 3.68358356195609e-45
 1374 3.68358356195609e-45
 1375 3.68358356195609e-45
 1376 3.68358356195609e-45
 1377 3.68358356195609e-45
 1378 3.68358356195609e-45
 1379 3.68358356195609e-45
 1380 3.68358356195609e-45
 1381 3.68358356195609e-45
 1382 3.68358356195609e-45
 1383 3.68358356195609e-45
 1384 3.68358356195609e-45
 1385 3.68358356195609e-45
 1386 3.68358356195609e-45
 1387 3.68358356195609e-45
 1388 3.68358356195609e-45
 1389 3.68358356195609e-45
 1390 3.68358356195609e-45
 1391 3.68358356195609e-45
 1392 3.68358356195609e-45
 1393 3.68358356195609e-45
 1394 3.68358356195609e-45
 1395 3.68358356195609e-45
 1396 3.68358356195609e-45
 1397 3.85608845290292e-45
 1398 3.85608845290292e-45
 1399 3.85608845290292e-45
 1400 3.85608845290292e-45
 1401 3.85608845290292e-45
 1402 3.85608845290292e-45
 1403 3.85608845290292e-45
 1404 3.85608845290292e-45
 1405 3.85608845290292e-45
 1406 3.85608845290292e-45
 1407 3.85608845290292e-45
 1408 3.85608845290292e-45
 1409 3.85608845290292e-45
 1410 3.85608845290292e-45
 1411 3.85608845290292e-45
 1412 3.85608845290292e-45
 1413 3.85608845290292e-45
 1414 3.85608845290292e-45
 1415 3.85608845290292e-45
 1416 3.85608845290292e-45
 1417 3.85608845290292e-45
 1418 3.85608845290292e-45
 1419 3.85608845290292e-45
 1420 3.85608845290292e-45
 1421 3.85608845290292e-45
 1422 3.85608845290292e-45
 1423 3.85608845290292e-45
 1424 3.85608845290292e-45
 1425 3.85608845290292e-45
 1426 3.85608845290292e-45
 1427 3.85608845290292e-45
 1428 3.85608845290292e-45
 1429 4.03673040690236e-45
 1430 4.03673040690236e-45
 1431 4.03673040690236e-45
 1432 4.03673040690236e-45
 1433 4.03673040690236e-45
 1434 4.03673040690236e-45
 1435 4.03673040690236e-45
 1436 4.03673040690236e-45
 1437 4.03673040690236e-45
 1438 4.03673040690236e-45
 1439 4.03673040690236e-45
 1440 4.03673040690236e-45
 1441 4.03673040690236e-45
 1442 4.03673040690236e-45
 1443 4.03673040690236e-45
 1444 4.03673040690236e-45
 1445 4.03673040690236e-45
 1446 4.03673040690236e-45
 1447 4.03673040690236e-45
 1448 4.03673040690236e-45
 1449 4.03673040690236e-45
 1450 4.03673040690236e-45
 1451 4.03673040690236e-45
 1452 4.03673040690236e-45
 1453 4.03673040690236e-45
 1454 4.03673040690236e-45
 1455 4.03673040690236e-45
 1456 4.03673040690236e-45
 1457 4.03673040690236e-45
 1458 4.03673040690236e-45
 1459 4.03673040690236e-45
 1460 4.03673040690236e-45
 1461 4.03673040690236e-45
 1462 4.03673040690236e-45
 1463 4.22590653862273e-45
 1464 4.22590653862273e-45
 1465 4.22590653862273e-45
 1466 4.22590653862273e-45
 1467 4.22590653862273e-45
 1468 4.22590653862273e-45
 1469 4.22590653862273e-45
 1470 4.22590653862273e-45
 1471 4.22590653862273e-45
 1472 4.22590653862273e-45
 1473 4.22590653862273e-45
 1474 4.22590653862273e-45
 1475 4.22590653862273e-45
 1476 4.22590653862273e-45
 1477 4.22590653862273e-45
 1478 4.22590653862273e-45
 1479 4.22590653862273e-45
 1480 4.22590653862273e-45
 1481 4.22590653862273e-45
 1482 4.22590653862273e-45
 1483 4.22590653862273e-45
 1484 4.22590653862273e-45
 1485 4.22590653862273e-45
 1486 4.22590653862273e-45
 1487 4.22590653862273e-45
 1488 4.22590653862273e-45
 1489 4.22590653862273e-45
 1490 4.22590653862273e-45
 1491 4.22590653862273e-45
 1492 4.22590653862273e-45
 1493 4.22590653862273e-45
 1494 4.22590653862273e-45
 1495 4.22590653862273e-45
 1496 4.22590653862273e-45
 1497 4.4240059072664e-45
 1498 4.4240059072664e-45
 1499 4.4240059072664e-45
 1500 4.4240059072664e-45
 1501 4.4240059072664e-45
 1502 4.4240059072664e-45
 1503 4.4240059072664e-45
 1504 4.4240059072664e-45
 1505 4.4240059072664e-45
 1506 4.4240059072664e-45
 1507 4.4240059072664e-45
 1508 4.4240059072664e-45
 1509 4.4240059072664e-45
 1510 4.4240059072664e-45
 1511 4.4240059072664e-45
 1512 4.4240059072664e-45
 1513 4.4240059072664e-45
 1514 4.4240059072664e-45
 1515 4.4240059072664e-45
 1516 4.4240059072664e-45
 1517 4.4240059072664e-45
 1518 4.4240059072664e-45
 1519 4.4240059072664e-45
 1520 4.4240059072664e-45
 1521 4.4240059072664e-45
 1522 4.4240059072664e-45
 1523 4.4240059072664e-45
 1524 4.4240059072664e-45
 1525 4.4240059072664e-45
 1526 4.4240059072664e-45
 1527 4.4240059072664e-45
 1528 4.4240059072664e-45
 1529 4.4240059072664e-45
 1530 4.4240059072664e-45
 1531 4.4240059072664e-45
 1532 4.63143906157433e-45
 1533 4.63143906157433e-45
 1534 4.63143906157433e-45
 1535 4.63143906157433e-45
 1536 4.63143906157433e-45
 1537 4.63143906157433e-45
 1538 4.63143906157433e-45
 1539 4.63143906157433e-45
 1540 4.63143906157433e-45
 1541 4.63143906157433e-45
 1542 4.63143906157433e-45
 1543 4.63143906157433e-45
 1544 4.63143906157433e-45
 1545 4.63143906157433e-45
 1546 4.63143906157433e-45
 1547 4.63143906157433e-45
 1548 4.63143906157433e-45
 1549 4.63143906157433e-45
 1550 4.63143906157433e-45
 1551 4.63143906157433e-45
 1552 4.63143906157433e-45
 1553 4.63143906157433e-45
 1554 4.63143906157433e-45
 1555 4.63143906157433e-45
 1556 4.63143906157433e-45
 1557 4.63143906157433e-45
 1558 4.63143906157433e-45
 1559 4.63143906157433e-45
 1560 4.63143906157433e-45
 1561 4.63143906157433e-45
 1562 4.63143906157433e-45
 1563 4.63143906157433e-45
 1564 4.63143906157433e-45
 1565 4.63143906157433e-45
 1566 4.63143906157433e-45
 1567 4.8486778144727e-45
 1568 4.8486778144727e-45
 1569 4.8486778144727e-45
 1570 4.8486778144727e-45
 1571 4.8486778144727e-45
 1572 4.8486778144727e-45
 1573 4.8486778144727e-45
 1574 4.8486778144727e-45
 1575 4.8486778144727e-45
 1576 4.8486778144727e-45
 1577 4.8486778144727e-45
 1578 4.8486778144727e-45
 1579 4.8486778144727e-45
 1580 4.8486778144727e-45
 1581 4.8486778144727e-45
 1582 4.8486778144727e-45
 1583 4.8486778144727e-45
 1584 4.8486778144727e-45
 1585 4.8486778144727e-45
 1586 4.8486778144727e-45
 1587 4.8486778144727e-45
 1588 4.8486778144727e-45
 1589 4.8486778144727e-45
 1590 4.8486778144727e-45
 1591 4.8486778144727e-45
 1592 4.8486778144727e-45
 1593 4.8486778144727e-45
 1594 4.8486778144727e-45
 1595 4.8486778144727e-45
 1596 4.8486778144727e-45
 1597 4.8486778144727e-45
 1598 4.8486778144727e-45
 1599 4.8486778144727e-45
 1600 4.8486778144727e-45
 1601 4.8486778144727e-45
 1602 4.8486778144727e-45
 1603 4.8486778144727e-45
 1604 5.07615766557128e-45
 1605 5.07615766557128e-45
 1606 5.07615766557128e-45
 1607 5.07615766557128e-45
 1608 5.07615766557128e-45
 1609 5.07615766557128e-45
 1610 5.07615766557128e-45
 1611 5.07615766557128e-45
 1612 5.07615766557128e-45
 1613 5.07615766557128e-45
 1614 5.07615766557128e-45
 1615 5.07615766557128e-45
 1616 5.07615766557128e-45
 1617 5.07615766557128e-45
 1618 5.07615766557128e-45
 1619 5.07615766557128e-45
 1620 5.07615766557128e-45
 1621 5.07615766557128e-45
 1622 5.07615766557128e-45
 1623 5.07615766557128e-45
 1624 5.07615766557128e-45
 1625 5.07615766557128e-45
 1626 5.07615766557128e-45
 1627 5.07615766557128e-45
 1628 5.07615766557128e-45
 1629 5.07615766557128e-45
 1630 5.07615766557128e-45
 1631 5.07615766557128e-45
 1632 5.07615766557128e-45
 1633 5.07615766557128e-45
 1634 5.07615766557128e-45
 1635 5.07615766557128e-45
 1636 5.07615766557128e-45
 1637 5.07615766557128e-45
 1638 5.07615766557128e-45
 1639 5.07615766557128e-45
 1640 5.07615766557128e-45
 1641 5.31436873868009e-45
 1642 5.31436873868009e-45
 1643 5.31436873868009e-45
 1644 5.31436873868009e-45
 1645 5.31436873868009e-45
 1646 5.31436873868009e-45
 1647 5.31436873868009e-45
 1648 5.31436873868009e-45
 1649 5.31436873868009e-45
 1650 5.31436873868009e-45
 1651 5.31436873868009e-45
 1652 5.31436873868009e-45
 1653 5.31436873868009e-45
 1654 5.31436873868009e-45
 1655 5.31436873868009e-45
 1656 5.31436873868009e-45
 1657 5.31436873868009e-45
 1658 5.31436873868009e-45
 1659 5.31436873868009e-45
 1660 5.31436873868009e-45
 1661 5.31436873868009e-45
 1662 5.31436873868009e-45
 1663 5.31436873868009e-45
 1664 5.31436873868009e-45
 1665 5.31436873868009e-45
 1666 5.31436873868009e-45
 1667 5.31436873868009e-45
 1668 5.31436873868009e-45
 1669 5.31436873868009e-45
 1670 5.31436873868009e-45
 1671 5.31436873868009e-45
 1672 5.31436873868009e-45
 1673 5.31436873868009e-45
 1674 5.31436873868009e-45
 1675 5.31436873868009e-45
 1676 5.31436873868009e-45
 1677 5.31436873868009e-45
 1678 5.31436873868009e-45
 1679 5.56380907599302e-45
 1680 5.56380907599302e-45
 1681 5.56380907599302e-45
 1682 5.56380907599302e-45
 1683 5.56380907599302e-45
 1684 5.56380907599302e-45
 1685 5.56380907599302e-45
 1686 5.56380907599302e-45
 1687 5.56380907599302e-45
 1688 5.56380907599302e-45
 1689 5.56380907599302e-45
 1690 5.56380907599302e-45
 1691 5.56380907599302e-45
 1692 5.56380907599302e-45
 1693 5.56380907599302e-45
 1694 5.56380907599302e-45
 1695 5.56380907599302e-45
 1696 5.56380907599302e-45
 1697 5.56380907599302e-45
 1698 5.56380907599302e-45
 1699 5.56380907599302e-45
 1700 5.56380907599302e-45
 1701 5.56380907599302e-45
 1702 5.56380907599302e-45
 1703 5.56380907599302e-45
 1704 5.56380907599302e-45
 1705 5.56380907599302e-45
 1706 5.56380907599302e-45
 1707 5.56380907599302e-45
 1708 5.56380907599302e-45
 1709 5.56380907599302e-45
 1710 5.56380907599302e-45
 1711 5.56380907599302e-45
 1712 5.56380907599302e-45
 1713 5.56380907599302e-45
 1714 5.56380907599302e-45
 1715 5.56380907599302e-45
 1716 5.56380907599302e-45
 1717 5.56380907599302e-45
 1718 5.56380907599302e-45
 1719 5.8250226504109e-45
 1720 5.8250226504109e-45
 1721 5.8250226504109e-45
 1722 5.8250226504109e-45
 1723 5.8250226504109e-45
 1724 5.8250226504109e-45
 1725 5.8250226504109e-45
 1726 5.8250226504109e-45
 1727 5.8250226504109e-45
 1728 5.8250226504109e-45
 1729 5.8250226504109e-45
 1730 5.8250226504109e-45
 1731 5.8250226504109e-45
 1732 5.8250226504109e-45
 1733 5.8250226504109e-45
 1734 5.8250226504109e-45
 1735 5.8250226504109e-45
 1736 5.8250226504109e-45
 1737 5.8250226504109e-45
 1738 5.8250226504109e-45
 1739 5.8250226504109e-45
 1740 5.8250226504109e-45
 1741 5.8250226504109e-45
 1742 5.8250226504109e-45
 1743 5.8250226504109e-45
 1744 5.8250226504109e-45
 1745 5.8250226504109e-45
 1746 5.8250226504109e-45
 1747 5.8250226504109e-45
 1748 5.8250226504109e-45
 1749 5.8250226504109e-45
 1750 5.8250226504109e-45
 1751 5.8250226504109e-45
 1752 5.8250226504109e-45
 1753 5.8250226504109e-45
 1754 5.8250226504109e-45
 1755 5.8250226504109e-45
 1756 5.8250226504109e-45
 1757 5.8250226504109e-45
 1758 5.8250226504109e-45
 1759 6.0985456996306e-45
 1760 6.0985456996306e-45
 1761 6.0985456996306e-45
 1762 6.0985456996306e-45
 1763 6.0985456996306e-45
 1764 6.0985456996306e-45
 1765 6.0985456996306e-45
 1766 6.0985456996306e-45
 1767 6.0985456996306e-45
 1768 6.0985456996306e-45
 1769 6.0985456996306e-45
 1770 6.0985456996306e-45
 1771 6.0985456996306e-45
 1772 6.0985456996306e-45
 1773 6.0985456996306e-45
 1774 6.0985456996306e-45
 1775 6.0985456996306e-45
 1776 6.0985456996306e-45
 1777 6.0985456996306e-45
 1778 6.0985456996306e-45
 1779 6.0985456996306e-45
 1780 6.0985456996306e-45
 1781 6.0985456996306e-45
 1782 6.0985456996306e-45
 1783 6.0985456996306e-45
 1784 6.0985456996306e-45
 1785 6.0985456996306e-45
 1786 6.0985456996306e-45
 1787 6.0985456996306e-45
 1788 6.0985456996306e-45
 1789 6.0985456996306e-45
 1790 6.0985456996306e-45
 1791 6.0985456996306e-45
 1792 6.0985456996306e-45
 1793 6.0985456996306e-45
 1794 6.0985456996306e-45
 1795 6.0985456996306e-45
 1796 6.0985456996306e-45
 1797 6.0985456996306e-45
 1798 6.0985456996306e-45
 1799 6.38497315092473e-45
 1800 6.38497315092473e-45
 1801 6.38497315092473e-45
 1802 6.38497315092473e-45
 1803 6.38497315092473e-45
 1804 6.38497315092473e-45
 1805 6.38497315092473e-45
 1806 6.38497315092473e-45
 1807 6.38497315092473e-45
 1808 6.38497315092473e-45
 1809 6.38497315092473e-45
 1810 6.38497315092473e-45
 1811 6.38497315092473e-45
 1812 6.38497315092473e-45
 1813 6.38497315092473e-45
 1814 6.38497315092473e-45
 1815 6.38497315092473e-45
 1816 6.38497315092473e-45
 1817 6.38497315092473e-45
 1818 6.38497315092473e-45
 1819 6.38497315092473e-45
 1820 6.38497315092473e-45
 1821 6.38497315092473e-45
 1822 6.38497315092473e-45
 1823 6.38497315092473e-45
 1824 6.38497315092473e-45
 1825 6.38497315092473e-45
 1826 6.38497315092473e-45
 1827 6.38497315092473e-45
 1828 6.38497315092473e-45
 1829 6.38497315092473e-45
 1830 6.38497315092473e-45
 1831 6.38497315092473e-45
 1832 6.38497315092473e-45
 1833 6.38497315092473e-45
 1834 6.38497315092473e-45
 1835 6.38497315092473e-45
 1836 6.38497315092473e-45
 1837 6.38497315092473e-45
 1838 6.38497315092473e-45
 1839 6.38497315092473e-45
 1840 6.38497315092473e-45
 1841 6.68491164939348e-45
 1842 6.68491164939348e-45
 1843 6.68491164939348e-45
 1844 6.68491164939348e-45
 1845 6.68491164939348e-45
 1846 6.68491164939348e-45
 1847 6.68491164939348e-45
 1848 6.68491164939348e-45
 1849 6.68491164939348e-45
 1850 6.68491164939348e-45
 1851 6.68491164939348e-45
 1852 6.68491164939348e-45
 1853 6.68491164939348e-45
 1854 6.68491164939348e-45
 1855 6.68491164939348e-45
 1856 6.68491164939348e-45
 1857 6.68491164939348e-45
 1858 6.68491164939348e-45
 1859 6.68491164939348e-45
 1860 6.68491164939348e-45
 1861 6.68491164939348e-45
 1862 6.68491164939348e-45
 1863 6.68491164939348e-45
 1864 6.68491164939348e-45
 1865 6.68491164939348e-45
 1866 6.68491164939348e-45
 1867 6.68491164939348e-45
 1868 6.68491164939348e-45
 1869 6.68491164939348e-45
 1870 6.68491164939348e-45
 1871 6.68491164939348e-45
 1872 6.68491164939348e-45
 1873 6.68491164939348e-45
 1874 6.68491164939348e-45
 1875 6.68491164939348e-45
 1876 6.68491164939348e-45
 1877 6.68491164939348e-45
 1878 6.68491164939348e-45
 1879 6.68491164939348e-45
 1880 6.68491164939348e-45
 1881 6.68491164939348e-45
 1882 6.68491164939348e-45
 1883 6.68491164939348e-45
 1884 6.99898338564533e-45
 1885 6.99898338564533e-45
 1886 6.99898338564533e-45
 1887 6.99898338564533e-45
 1888 6.99898338564533e-45
 1889 6.99898338564533e-45
 1890 6.99898338564533e-45
 1891 6.99898338564533e-45
 1892 6.99898338564533e-45
 1893 6.99898338564533e-45
 1894 6.99898338564533e-45
 1895 6.99898338564533e-45
 1896 6.99898338564533e-45
 1897 6.99898338564533e-45
 1898 6.99898338564533e-45
 1899 6.99898338564533e-45
 1900 6.99898338564533e-45
 1901 6.99898338564533e-45
 1902 6.99898338564533e-45
 1903 6.99898338564533e-45
 1904 6.99898338564533e-45
 1905 6.99898338564533e-45
 1906 6.99898338564533e-45
 1907 6.99898338564533e-45
 1908 6.99898338564533e-45
 1909 6.99898338564533e-45
 1910 6.99898338564533e-45
 1911 6.99898338564533e-45
 1912 6.99898338564533e-45
 1913 6.99898338564533e-45
 1914 6.99898338564533e-45
 1915 6.99898338564533e-45
 1916 6.99898338564533e-45
 1917 6.99898338564533e-45
 1918 6.99898338564533e-45
 1919 6.99898338564533e-45
 1920 6.99898338564533e-45
 1921 6.99898338564533e-45
 1922 6.99898338564533e-45
 1923 6.99898338564533e-45
 1924 6.99898338564533e-45
 1925 6.99898338564533e-45
 1926 6.99898338564533e-45
 1927 6.99898338564533e-45
 1928 7.32786984246848e-45
 1929 7.32786984246848e-45
 1930 7.32786984246848e-45
 1931 7.32786984246848e-45
 1932 7.32786984246848e-45
 1933 7.32786984246848e-45
 1934 7.32786984246848e-45
 1935 7.32786984246848e-45
 1936 7.32786984246848e-45
 1937 7.32786984246848e-45
 1938 7.32786984246848e-45
 1939 7.32786984246848e-45
 1940 7.32786984246848e-45
 1941 7.32786984246848e-45
 1942 7.32786984246848e-45
 1943 7.32786984246848e-45
 1944 7.32786984246848e-45
 1945 7.32786984246848e-45
 1946 7.32786984246848e-45
 1947 7.32786984246848e-45
 1948 7.32786984246848e-45
 1949 7.32786984246848e-45
 1950 7.32786984246848e-45
 1951 7.32786984246848e-45
 1952 7.32786984246848e-45
 1953 7.32786984246848e-45
 1954 7.32786984246848e-45
 1955 7.32786984246848e-45
 1956 7.32786984246848e-45
 1957 7.32786984246848e-45
 1958 7.32786984246848e-45
 1959 7.32786984246848e-45
 1960 7.32786984246848e-45
 1961 7.32786984246848e-45
 1962 7.32786984246848e-45
 1963 7.32786984246848e-45
 1964 7.32786984246848e-45
 1965 7.32786984246848e-45
 1966 7.32786984246848e-45
 1967 7.32786984246848e-45
 1968 7.32786984246848e-45
 1969 7.32786984246848e-45
 1970 7.32786984246848e-45
 1971 7.32786984246848e-45
 1972 7.32786984246848e-45
 1973 7.67226351456576e-45
 1974 7.67226351456576e-45
 1975 7.67226351456576e-45
 1976 7.67226351456576e-45
 1977 7.67226351456576e-45
 1978 7.67226351456576e-45
 1979 7.67226351456576e-45
 1980 7.67226351456576e-45
 1981 7.67226351456576e-45
 1982 7.67226351456576e-45
 1983 7.67226351456576e-45
 1984 7.67226351456576e-45
 1985 7.67226351456576e-45
 1986 7.67226351456576e-45
 1987 7.67226351456576e-45
 1988 7.67226351456576e-45
 1989 7.67226351456576e-45
 1990 7.67226351456576e-45
 1991 7.67226351456576e-45
 1992 7.67226351456576e-45
 1993 7.67226351456576e-45
 1994 7.67226351456576e-45
 1995 7.67226351456576e-45
 1996 7.67226351456576e-45
 1997 7.67226351456576e-45
 1998 7.67226351456576e-45
 1999 7.67226351456576e-45
 2000 7.67226351456576e-45
